3.096999999999999886e+01 1.907000000000000028e+01 2.210999999999999943e+01 2.210999999999999943e+01 1.839999999999999858e+01 4.029999999999999716e+01 1.698000000000000043e+01 2.798999999999999844e+01 4.379999999999999716e+01
2.294000000000000128e+01 1.413000000000000078e+01 1.637999999999999901e+01 1.637999999999999901e+01 1.363000000000000078e+01 2.985000000000000142e+01 2.292000000000000171e+01 2.073999999999999844e+01 3.245000000000000284e+01
1.789999999999999858e+01 1.056000000000000050e+01 1.225999999999999979e+01 1.213000000000000078e+01 1.655000000000000071e+01 2.400000000000000000e+01 1.846999999999999886e+01 1.703999999999999915e+01 2.460000000000000142e+01
1.458999999999999986e+01 8.300000000000000711e+00 9.750000000000000000e+00 9.960000000000000853e+00 1.642000000000000171e+01 1.925000000000000000e+01 1.478999999999999915e+01 1.422000000000000064e+01 1.987000000000000099e+01
1.225000000000000000e+01 6.889999999999999680e+00 8.050000000000000711e+00 8.339999999999999858e+00 1.808999999999999986e+01 1.567999999999999972e+01 1.208000000000000007e+01 1.240000000000000036e+01 1.764000000000000057e+01
1.043999999999999950e+01 6.030000000000000249e+00 6.919999999999999929e+00 7.089999999999999858e+00 2.171999999999999886e+01 1.326999999999999957e+01 9.750000000000000000e+00 1.138000000000000078e+01 1.632000000000000028e+01
8.990000000000000213e+00 5.389999999999999680e+00 6.030000000000000249e+00 6.339999999999999858e+00 2.633999999999999986e+01 1.177999999999999936e+01 8.199999999999999289e+00 1.134999999999999964e+01 1.503999999999999915e+01
8.130000000000000782e+00 4.900000000000000355e+00 5.480000000000000426e+00 5.709999999999999964e+00 2.803999999999999915e+01 1.107000000000000028e+01 6.940000000000000391e+00 1.130000000000000071e+01 1.473000000000000043e+01
7.490000000000000213e+00 4.559999999999999609e+00 5.160000000000000142e+00 5.330000000000000071e+00 3.064999999999999858e+01 1.053999999999999915e+01 5.809999999999999609e+00 1.201999999999999957e+01 1.525000000000000000e+01
6.940000000000000391e+00 4.240000000000000213e+00 4.839999999999999858e+00 5.070000000000000284e+00 3.327000000000000313e+01 1.008999999999999986e+01 4.879999999999999893e+00 1.319999999999999929e+01 1.616000000000000014e+01
6.549999999999999822e+00 4.059999999999999609e+00 4.599999999999999645e+00 4.809999999999999609e+00 3.678000000000000114e+01 1.000000000000000000e+01 4.250000000000000000e+00 1.449000000000000021e+01 1.687999999999999901e+01
6.259999999999999787e+00 3.910000000000000142e+00 4.419999999999999929e+00 4.589999999999999858e+00 3.753000000000000114e+01 1.032000000000000028e+01 3.750000000000000000e+00 1.568999999999999950e+01 1.755000000000000071e+01
6.080000000000000071e+00 3.810000000000000053e+00 4.240000000000000213e+00 4.389999999999999680e+00 3.810000000000000142e+01 1.098000000000000043e+01 3.350000000000000089e+00 1.642999999999999972e+01 1.873999999999999844e+01
5.950000000000000178e+00 3.750000000000000000e+00 4.070000000000000284e+00 4.190000000000000391e+00 3.839999999999999858e+01 1.135999999999999943e+01 3.049999999999999822e+00 1.610000000000000142e+01 1.978000000000000114e+01
5.849999999999999645e+00 3.750000000000000000e+00 3.930000000000000160e+00 4.080000000000000071e+00 4.164999999999999858e+01 1.138000000000000078e+01 2.779999999999999805e+00 1.676000000000000156e+01 2.064999999999999858e+01
5.790000000000000036e+00 3.680000000000000160e+00 3.790000000000000036e+00 4.019999999999999574e+00 4.109000000000000341e+01 1.163000000000000078e+01 2.600000000000000089e+00 1.717999999999999972e+01 2.192999999999999972e+01
5.709999999999999964e+00 3.580000000000000071e+00 3.689999999999999947e+00 3.950000000000000178e+00 4.127000000000000313e+01 1.158000000000000007e+01 2.410000000000000142e+00 1.728999999999999915e+01 2.367000000000000171e+01
5.639999999999999680e+00 3.509999999999999787e+00 3.580000000000000071e+00 3.859999999999999876e+00 3.892000000000000171e+01 1.076999999999999957e+01 2.290000000000000036e+00 1.751000000000000156e+01 2.685999999999999943e+01
5.559999999999999609e+00 3.430000000000000160e+00 3.459999999999999964e+00 3.779999999999999805e+00 3.595000000000000284e+01 1.048000000000000043e+01 2.180000000000000160e+00 1.717000000000000171e+01 3.139000000000000057e+01
5.509999999999999787e+00 3.359999999999999876e+00 3.350000000000000089e+00 3.700000000000000178e+00 3.324000000000000199e+01 9.849999999999999645e+00 2.109999999999999876e+00 1.721000000000000085e+01 3.702000000000000313e+01
5.450000000000000178e+00 3.339999999999999858e+00 3.270000000000000018e+00 3.600000000000000089e+00 3.117000000000000171e+01 9.789999999999999147e+00 2.049999999999999822e+00 1.751000000000000156e+01 4.485999999999999943e+01
5.389999999999999680e+00 3.310000000000000053e+00 3.220000000000000195e+00 3.500000000000000000e+00 3.010000000000000142e+01 9.650000000000000355e+00 1.989999999999999991e+00 1.753999999999999915e+01 5.536999999999999744e+01
5.349999999999999645e+00 3.270000000000000018e+00 3.189999999999999947e+00 3.439999999999999947e+00 2.830000000000000071e+01 9.380000000000000782e+00 1.929999999999999938e+00 1.828999999999999915e+01 7.085999999999999943e+01
5.330000000000000071e+00 3.220000000000000195e+00 3.180000000000000160e+00 3.370000000000000107e+00 2.692999999999999972e+01 9.009999999999999787e+00 1.870000000000000107e+00 1.935999999999999943e+01 8.131000000000000227e+01
5.330000000000000071e+00 3.220000000000000195e+00 3.140000000000000124e+00 3.330000000000000071e+00 2.498000000000000043e+01 8.929999999999999716e+00 1.820000000000000062e+00 2.089999999999999858e+01 9.565000000000000568e+01
5.370000000000000107e+00 3.209999999999999964e+00 3.120000000000000107e+00 3.290000000000000036e+00 2.358999999999999986e+01 8.960000000000000853e+00 1.790000000000000036e+00 2.158999999999999986e+01 1.147099999999999937e+02
5.419999999999999929e+00 3.169999999999999929e+00 3.120000000000000107e+00 3.310000000000000053e+00 2.189999999999999858e+01 8.990000000000000213e+00 1.750000000000000000e+00 2.269999999999999929e+01 1.165900000000000034e+02
5.469999999999999751e+00 3.180000000000000160e+00 3.100000000000000089e+00 3.330000000000000071e+00 2.010000000000000142e+01 9.279999999999999361e+00 1.719999999999999973e+00 2.271000000000000085e+01 1.039000000000000057e+02
5.540000000000000036e+00 3.200000000000000178e+00 3.049999999999999822e+00 3.390000000000000124e+00 1.880000000000000071e+01 9.800000000000000711e+00 1.679999999999999938e+00 2.221999999999999886e+01 9.398999999999999488e+01
5.589999999999999858e+00 3.189999999999999947e+00 3.029999999999999805e+00 3.430000000000000160e+00 1.810000000000000142e+01 9.820000000000000284e+00 1.649999999999999911e+00 2.226000000000000156e+01 9.565000000000000568e+01
5.679999999999999716e+00 3.189999999999999947e+00 3.009999999999999787e+00 3.419999999999999929e+00 1.739000000000000057e+01 9.759999999999999787e+00 1.629999999999999893e+00 2.285999999999999943e+01 9.701000000000000512e+01
5.769999999999999574e+00 3.220000000000000195e+00 2.990000000000000213e+00 3.430000000000000160e+00 1.682000000000000028e+01 9.439999999999999503e+00 1.610000000000000098e+00 2.421999999999999886e+01 1.057600000000000051e+02
5.919999999999999929e+00 3.270000000000000018e+00 2.959999999999999964e+00 3.390000000000000124e+00 1.660999999999999943e+01 9.019999999999999574e+00 1.580000000000000071e+00 2.478999999999999915e+01 1.198100000000000023e+02
6.099999999999999645e+00 3.359999999999999876e+00 2.910000000000000142e+00 3.410000000000000142e+00 1.635999999999999943e+01 8.689999999999999503e+00 1.550000000000000044e+00 2.526000000000000156e+01 1.228900000000000006e+02
6.330000000000000071e+00 3.450000000000000178e+00 2.850000000000000089e+00 3.399999999999999911e+00 1.583999999999999986e+01 8.320000000000000284e+00 1.530000000000000027e+00 2.353999999999999915e+01 1.212500000000000000e+02
6.559999999999999609e+00 3.580000000000000071e+00 2.779999999999999805e+00 3.410000000000000142e+00 1.541000000000000014e+01 8.019999999999999574e+00 1.510000000000000009e+00 2.316000000000000014e+01 1.128900000000000006e+02
6.830000000000000071e+00 3.729999999999999982e+00 2.709999999999999964e+00 3.419999999999999929e+00 1.498000000000000043e+01 7.780000000000000249e+00 1.489999999999999991e+00 2.278999999999999915e+01 1.084399999999999977e+02
7.200000000000000178e+00 3.839999999999999858e+00 2.660000000000000142e+00 3.410000000000000142e+00 1.444999999999999929e+01 7.410000000000000142e+00 1.469999999999999973e+00 2.319000000000000128e+01 1.077500000000000000e+02
7.610000000000000320e+00 3.890000000000000124e+00 2.620000000000000107e+00 3.439999999999999947e+00 1.398000000000000043e+01 7.000000000000000000e+00 1.449999999999999956e+00 2.342000000000000171e+01 1.041599999999999966e+02
8.109999999999999432e+00 3.850000000000000089e+00 2.600000000000000089e+00 3.430000000000000160e+00 1.342999999999999972e+01 6.429999999999999716e+00 1.439999999999999947e+00 2.248999999999999844e+01 1.033100000000000023e+02
8.699999999999999289e+00 3.799999999999999822e+00 2.569999999999999840e+00 3.439999999999999947e+00 1.306000000000000050e+01 5.940000000000000391e+00 1.419999999999999929e+00 2.039999999999999858e+01 1.039500000000000028e+02
9.289999999999999147e+00 3.709999999999999964e+00 2.540000000000000036e+00 3.500000000000000000e+00 1.257000000000000028e+01 5.589999999999999858e+00 1.399999999999999911e+00 1.992000000000000171e+01 1.072000000000000028e+02
9.949999999999999289e+00 3.649999999999999911e+00 2.500000000000000000e+00 3.540000000000000036e+00 1.200000000000000000e+01 5.360000000000000320e+00 1.389999999999999902e+00 1.942000000000000171e+01 1.080199999999999960e+02
1.075999999999999979e+01 3.649999999999999911e+00 2.459999999999999964e+00 3.560000000000000053e+00 1.150000000000000000e+01 5.110000000000000320e+00 1.370000000000000107e+00 1.871000000000000085e+01 1.102900000000000063e+02
1.150999999999999979e+01 3.629999999999999893e+00 2.419999999999999929e+00 3.640000000000000124e+00 1.106000000000000050e+01 4.929999999999999716e+00 1.370000000000000107e+00 1.792000000000000171e+01 1.157199999999999989e+02
1.232000000000000028e+01 3.589999999999999858e+00 2.390000000000000124e+00 3.729999999999999982e+00 1.050000000000000000e+01 4.750000000000000000e+00 1.360000000000000098e+00 1.705000000000000071e+01 1.226800000000000068e+02
1.321000000000000085e+01 3.560000000000000053e+00 2.359999999999999876e+00 3.779999999999999805e+00 9.990000000000000213e+00 4.639999999999999680e+00 1.360000000000000098e+00 1.621999999999999886e+01 1.258900000000000006e+02
1.393999999999999950e+01 3.520000000000000018e+00 2.319999999999999840e+00 3.779999999999999805e+00 9.410000000000000142e+00 4.530000000000000249e+00 1.350000000000000089e+00 1.577999999999999936e+01 1.247500000000000000e+02
1.450000000000000000e+01 3.490000000000000213e+00 2.299999999999999822e+00 3.720000000000000195e+00 9.080000000000000071e+00 4.429999999999999716e+00 1.340000000000000080e+00 1.510999999999999943e+01 1.150699999999999932e+02
1.508999999999999986e+01 3.479999999999999982e+00 2.270000000000000018e+00 3.689999999999999947e+00 8.800000000000000711e+00 4.349999999999999645e+00 1.330000000000000071e+00 1.461999999999999922e+01 1.035600000000000023e+02
1.597000000000000064e+01 3.450000000000000178e+00 2.250000000000000000e+00 3.649999999999999911e+00 8.599999999999999645e+00 4.339999999999999858e+00 1.320000000000000062e+00 1.396000000000000085e+01 9.453000000000000114e+01
1.710000000000000142e+01 3.459999999999999964e+00 2.229999999999999982e+00 3.589999999999999858e+00 8.529999999999999361e+00 4.309999999999999609e+00 1.310000000000000053e+00 1.338000000000000078e+01 8.817000000000000171e+01
1.830999999999999872e+01 3.470000000000000195e+00 2.180000000000000160e+00 3.470000000000000195e+00 8.439999999999999503e+00 4.259999999999999787e+00 1.310000000000000053e+00 1.291999999999999993e+01 8.775000000000000000e+01
1.992999999999999972e+01 3.520000000000000018e+00 2.149999999999999911e+00 3.350000000000000089e+00 8.300000000000000711e+00 4.240000000000000213e+00 1.300000000000000044e+00 1.273000000000000043e+01 9.037000000000000455e+01
2.146999999999999886e+01 3.600000000000000089e+00 2.120000000000000107e+00 3.200000000000000178e+00 8.109999999999999432e+00 4.230000000000000426e+00 1.300000000000000044e+00 1.281000000000000050e+01 9.284000000000000341e+01
2.239000000000000057e+01 3.680000000000000160e+00 2.100000000000000089e+00 3.069999999999999840e+00 7.919999999999999929e+00 4.230000000000000426e+00 1.300000000000000044e+00 1.318999999999999950e+01 9.882999999999999829e+01
2.223999999999999844e+01 3.689999999999999947e+00 2.069999999999999840e+00 2.970000000000000195e+00 7.730000000000000426e+00 4.200000000000000178e+00 1.300000000000000044e+00 1.355000000000000071e+01 1.050100000000000051e+02
2.117999999999999972e+01 3.700000000000000178e+00 2.049999999999999822e+00 2.919999999999999929e+00 7.500000000000000000e+00 4.169999999999999929e+00 1.290000000000000036e+00 1.394999999999999929e+01 1.126700000000000017e+02
2.001999999999999957e+01 3.669999999999999929e+00 2.029999999999999805e+00 2.859999999999999876e+00 7.339999999999999858e+00 4.120000000000000107e+00 1.290000000000000036e+00 1.419999999999999929e+01 1.160000000000000000e+02
1.823000000000000043e+01 3.709999999999999964e+00 2.009999999999999787e+00 2.859999999999999876e+00 7.280000000000000249e+00 4.040000000000000036e+00 1.280000000000000027e+00 1.438000000000000078e+01 1.159000000000000057e+02
1.701999999999999957e+01 3.779999999999999805e+00 1.979999999999999982e+00 2.890000000000000124e+00 7.240000000000000213e+00 3.979999999999999982e+00 1.270000000000000018e+00 1.447000000000000064e+01 1.200499999999999972e+02
1.623000000000000043e+01 3.879999999999999893e+00 1.959999999999999964e+00 2.950000000000000178e+00 7.250000000000000000e+00 3.890000000000000124e+00 1.260000000000000009e+00 1.440000000000000036e+01 1.263900000000000006e+02
1.585999999999999943e+01 3.959999999999999964e+00 1.949999999999999956e+00 3.009999999999999787e+00 7.160000000000000142e+00 3.819999999999999840e+00 1.250000000000000000e+00 1.489000000000000057e+01 1.288499999999999943e+02
1.556000000000000050e+01 4.070000000000000284e+00 1.949999999999999956e+00 3.069999999999999840e+00 7.070000000000000284e+00 3.740000000000000213e+00 1.250000000000000000e+00 1.540000000000000036e+01 1.277999999999999972e+02
1.563000000000000078e+01 4.169999999999999929e+00 1.949999999999999956e+00 3.089999999999999858e+00 7.000000000000000000e+00 3.669999999999999929e+00 1.239999999999999991e+00 1.585999999999999943e+01 1.231800000000000068e+02
1.565000000000000036e+01 4.160000000000000142e+00 1.929999999999999938e+00 3.140000000000000124e+00 6.879999999999999893e+00 3.600000000000000089e+00 1.239999999999999991e+00 1.599000000000000021e+01 1.147399999999999949e+02
1.593999999999999950e+01 4.139999999999999680e+00 1.909999999999999920e+00 3.180000000000000160e+00 6.759999999999999787e+00 3.500000000000000000e+00 1.219999999999999973e+00 1.603999999999999915e+01 1.079599999999999937e+02
1.626000000000000156e+01 4.169999999999999929e+00 1.899999999999999911e+00 3.189999999999999947e+00 6.660000000000000142e+00 3.419999999999999929e+00 1.209999999999999964e+00 1.589000000000000057e+01 1.066800000000000068e+02
1.630000000000000071e+01 4.230000000000000426e+00 1.879999999999999893e+00 3.189999999999999947e+00 6.580000000000000071e+00 3.370000000000000107e+00 1.209999999999999964e+00 1.591000000000000014e+01 1.027199999999999989e+02
1.628999999999999915e+01 4.280000000000000249e+00 1.860000000000000098e+00 3.209999999999999964e+00 6.570000000000000284e+00 3.350000000000000089e+00 1.199999999999999956e+00 1.626999999999999957e+01 9.454999999999999716e+01
1.612000000000000099e+01 4.379999999999999893e+00 1.820000000000000062e+00 3.240000000000000213e+00 6.509999999999999787e+00 3.330000000000000071e+00 1.189999999999999947e+00 1.630999999999999872e+01 8.987000000000000455e+01
1.589000000000000057e+01 4.429999999999999716e+00 1.790000000000000036e+00 3.250000000000000000e+00 6.459999999999999964e+00 3.310000000000000053e+00 1.189999999999999947e+00 1.632000000000000028e+01 8.914000000000000057e+01
1.577999999999999936e+01 4.519999999999999574e+00 1.770000000000000018e+00 3.270000000000000018e+00 6.419999999999999929e+00 3.259999999999999787e+00 1.179999999999999938e+00 1.657999999999999829e+01 9.093000000000000682e+01
1.566000000000000014e+01 4.610000000000000320e+00 1.739999999999999991e+00 3.290000000000000036e+00 6.400000000000000355e+00 3.200000000000000178e+00 1.179999999999999938e+00 1.717000000000000171e+01 9.357999999999999829e+01
1.566999999999999993e+01 4.679999999999999716e+00 1.729999999999999982e+00 3.279999999999999805e+00 6.370000000000000107e+00 3.149999999999999911e+00 1.169999999999999929e+00 1.748000000000000043e+01 9.625000000000000000e+01
1.580000000000000071e+01 4.700000000000000178e+00 1.719999999999999973e+00 3.250000000000000000e+00 6.349999999999999645e+00 3.089999999999999858e+00 1.169999999999999929e+00 1.773999999999999844e+01 9.923000000000000398e+01
1.596000000000000085e+01 4.769999999999999574e+00 1.709999999999999964e+00 3.209999999999999964e+00 6.339999999999999858e+00 3.060000000000000053e+00 1.169999999999999929e+00 1.767000000000000171e+01 9.854000000000000625e+01
1.626000000000000156e+01 4.799999999999999822e+00 1.699999999999999956e+00 3.169999999999999929e+00 6.339999999999999858e+00 3.029999999999999805e+00 1.159999999999999920e+00 1.748000000000000043e+01 9.826000000000000512e+01
1.637000000000000099e+01 4.889999999999999680e+00 1.689999999999999947e+00 3.149999999999999911e+00 6.320000000000000284e+00 3.020000000000000018e+00 1.159999999999999920e+00 1.714000000000000057e+01 9.987000000000000455e+01
1.632999999999999829e+01 5.009999999999999787e+00 1.689999999999999947e+00 3.149999999999999911e+00 6.299999999999999822e+00 3.009999999999999787e+00 1.149999999999999911e+00 1.667999999999999972e+01 1.054800000000000040e+02
1.616000000000000014e+01 5.089999999999999858e+00 1.679999999999999938e+00 3.120000000000000107e+00 6.330000000000000071e+00 3.009999999999999787e+00 1.149999999999999911e+00 1.559999999999999964e+01 1.121800000000000068e+02
1.600000000000000000e+01 5.150000000000000355e+00 1.679999999999999938e+00 3.080000000000000071e+00 6.370000000000000107e+00 3.029999999999999805e+00 1.139999999999999902e+00 1.455000000000000071e+01 1.185000000000000000e+02
1.594999999999999929e+01 5.230000000000000426e+00 1.669999999999999929e+00 3.049999999999999822e+00 6.379999999999999893e+00 3.040000000000000036e+00 1.139999999999999902e+00 1.368999999999999950e+01 1.199399999999999977e+02
1.583999999999999986e+01 5.299999999999999822e+00 1.659999999999999920e+00 3.020000000000000018e+00 6.400000000000000355e+00 3.040000000000000036e+00 1.129999999999999893e+00 1.308000000000000007e+01 1.154800000000000040e+02
1.583000000000000007e+01 5.290000000000000036e+00 1.659999999999999920e+00 2.979999999999999982e+00 6.410000000000000142e+00 3.020000000000000018e+00 1.129999999999999893e+00 1.239000000000000057e+01 1.123299999999999983e+02
1.605999999999999872e+01 5.299999999999999822e+00 1.649999999999999911e+00 2.930000000000000160e+00 6.450000000000000178e+00 3.009999999999999787e+00 1.120000000000000107e+00 1.182000000000000028e+01 1.067500000000000000e+02
1.653999999999999915e+01 5.309999999999999609e+00 1.639999999999999902e+00 2.890000000000000124e+00 6.509999999999999787e+00 3.000000000000000000e+00 1.110000000000000098e+00 1.124000000000000021e+01 1.043299999999999983e+02
1.696000000000000085e+01 5.259999999999999787e+00 1.629999999999999893e+00 2.850000000000000089e+00 6.549999999999999822e+00 2.979999999999999982e+00 1.100000000000000089e+00 1.080000000000000071e+01 1.041400000000000006e+02
1.741000000000000014e+01 5.280000000000000249e+00 1.620000000000000107e+00 2.799999999999999822e+00 6.620000000000000107e+00 2.970000000000000195e+00 1.100000000000000089e+00 1.027999999999999936e+01 1.049000000000000057e+02
1.762999999999999901e+01 5.309999999999999609e+00 1.600000000000000089e+00 2.759999999999999787e+00 6.660000000000000142e+00 2.950000000000000178e+00 1.100000000000000089e+00 9.640000000000000568e+00 1.058900000000000006e+02
1.767000000000000171e+01 5.320000000000000284e+00 1.590000000000000080e+00 2.720000000000000195e+00 6.650000000000000355e+00 2.939999999999999947e+00 1.100000000000000089e+00 9.060000000000000497e+00 1.075600000000000023e+02
1.764000000000000057e+01 5.280000000000000249e+00 1.580000000000000071e+00 2.689999999999999947e+00 6.660000000000000142e+00 2.950000000000000178e+00 1.100000000000000089e+00 8.519999999999999574e+00 1.094599999999999937e+02
1.753999999999999915e+01 5.219999999999999751e+00 1.570000000000000062e+00 2.649999999999999911e+00 6.660000000000000142e+00 2.939999999999999947e+00 1.090000000000000080e+00 8.099999999999999645e+00 1.050799999999999983e+02
1.737999999999999901e+01 5.190000000000000391e+00 1.560000000000000053e+00 2.620000000000000107e+00 6.610000000000000320e+00 2.930000000000000160e+00 1.080000000000000071e+00 7.750000000000000000e+00 1.021800000000000068e+02
1.733999999999999986e+01 5.169999999999999929e+00 1.550000000000000044e+00 2.600000000000000089e+00 6.559999999999999609e+00 2.910000000000000142e+00 1.080000000000000071e+00 7.459999999999999964e+00 1.022199999999999989e+02
1.717000000000000171e+01 5.120000000000000107e+00 1.540000000000000036e+00 2.569999999999999840e+00 6.509999999999999787e+00 2.890000000000000124e+00 1.070000000000000062e+00 7.240000000000000213e+00 1.003199999999999932e+02
1.694999999999999929e+01 5.129999999999999893e+00 1.540000000000000036e+00 2.540000000000000036e+00 6.419999999999999929e+00 2.870000000000000107e+00 1.070000000000000062e+00 7.040000000000000036e+00 9.756000000000000227e+01
1.689999999999999858e+01 5.139999999999999680e+00 1.530000000000000027e+00 2.509999999999999787e+00 6.339999999999999858e+00 2.850000000000000089e+00 1.060000000000000053e+00 6.820000000000000284e+00 9.643999999999999773e+01
1.703000000000000114e+01 5.190000000000000391e+00 1.530000000000000027e+00 2.490000000000000213e+00 6.299999999999999822e+00 2.839999999999999858e+00 1.060000000000000053e+00 6.730000000000000426e+00 9.715000000000000568e+01
1.708999999999999986e+01 5.230000000000000426e+00 1.530000000000000027e+00 2.470000000000000195e+00 6.259999999999999787e+00 2.830000000000000071e+00 1.060000000000000053e+00 6.719999999999999751e+00 1.009399999999999977e+02
1.701000000000000156e+01 5.209999999999999964e+00 1.530000000000000027e+00 2.459999999999999964e+00 6.200000000000000178e+00 2.799999999999999822e+00 1.050000000000000044e+00 6.719999999999999751e+00 1.055600000000000023e+02
1.664000000000000057e+01 5.129999999999999893e+00 1.540000000000000036e+00 2.450000000000000178e+00 6.139999999999999680e+00 2.770000000000000018e+00 1.050000000000000044e+00 6.730000000000000426e+00 1.097500000000000000e+02
1.623999999999999844e+01 5.070000000000000284e+00 1.540000000000000036e+00 2.430000000000000160e+00 6.080000000000000071e+00 2.750000000000000000e+00 1.040000000000000036e+00 6.769999999999999574e+00 1.061700000000000017e+02
1.591000000000000014e+01 5.030000000000000249e+00 1.540000000000000036e+00 2.430000000000000160e+00 6.030000000000000249e+00 2.729999999999999982e+00 1.030000000000000027e+00 6.769999999999999574e+00 9.993000000000000682e+01
1.569999999999999929e+01 5.009999999999999787e+00 1.550000000000000044e+00 2.430000000000000160e+00 6.009999999999999787e+00 2.729999999999999982e+00 1.030000000000000027e+00 6.759999999999999787e+00 9.870999999999999375e+01
1.566999999999999993e+01 5.000000000000000000e+00 1.550000000000000044e+00 2.399999999999999911e+00 6.000000000000000000e+00 2.709999999999999964e+00 1.020000000000000018e+00 6.719999999999999751e+00 9.726999999999999602e+01
1.574000000000000021e+01 5.030000000000000249e+00 1.550000000000000044e+00 2.350000000000000089e+00 5.980000000000000426e+00 2.709999999999999964e+00 1.020000000000000018e+00 6.679999999999999716e+00 1.011899999999999977e+02
1.597000000000000064e+01 5.049999999999999822e+00 1.550000000000000044e+00 2.310000000000000053e+00 5.969999999999999751e+00 2.689999999999999947e+00 1.010000000000000009e+00 6.719999999999999751e+00 1.054500000000000028e+02
1.612999999999999901e+01 5.080000000000000071e+00 1.550000000000000044e+00 2.270000000000000018e+00 5.969999999999999751e+00 2.649999999999999911e+00 1.010000000000000009e+00 6.769999999999999574e+00 1.075199999999999960e+02
1.625000000000000000e+01 5.110000000000000320e+00 1.550000000000000044e+00 2.229999999999999982e+00 5.900000000000000355e+00 2.620000000000000107e+00 1.000000000000000000e+00 6.820000000000000284e+00 1.067999999999999972e+02
1.630000000000000071e+01 5.150000000000000355e+00 1.550000000000000044e+00 2.189999999999999947e+00 5.860000000000000320e+00 2.580000000000000071e+00 1.000000000000000000e+00 6.889999999999999680e+00 1.062500000000000000e+02
1.632999999999999829e+01 5.190000000000000391e+00 1.550000000000000044e+00 2.149999999999999911e+00 5.799999999999999822e+00 2.540000000000000036e+00 9.899999999999999911e-01 7.000000000000000000e+00 1.063499999999999943e+02
1.625000000000000000e+01 5.179999999999999716e+00 1.550000000000000044e+00 2.100000000000000089e+00 5.750000000000000000e+00 2.500000000000000000e+00 9.899999999999999911e-01 7.089999999999999858e+00 1.086700000000000017e+02
1.619000000000000128e+01 5.169999999999999929e+00 1.550000000000000044e+00 2.060000000000000053e+00 5.700000000000000178e+00 2.470000000000000195e+00 9.799999999999999822e-01 7.209999999999999964e+00 1.121400000000000006e+02
1.614999999999999858e+01 5.120000000000000107e+00 1.550000000000000044e+00 2.029999999999999805e+00 5.639999999999999680e+00 2.430000000000000160e+00 9.799999999999999822e-01 7.370000000000000107e+00 1.119200000000000017e+02
1.623000000000000043e+01 5.110000000000000320e+00 1.540000000000000036e+00 1.989999999999999991e+00 5.559999999999999609e+00 2.399999999999999911e+00 9.699999999999999734e-01 7.459999999999999964e+00 1.068599999999999994e+02
1.648000000000000043e+01 5.129999999999999893e+00 1.540000000000000036e+00 1.969999999999999973e+00 5.490000000000000213e+00 2.370000000000000107e+00 9.699999999999999734e-01 7.519999999999999574e+00 1.052999999999999972e+02
1.692000000000000171e+01 5.150000000000000355e+00 1.540000000000000036e+00 1.949999999999999956e+00 5.419999999999999929e+00 2.359999999999999876e+00 9.599999999999999645e-01 7.599999999999999645e+00 1.074399999999999977e+02
1.735000000000000142e+01 5.179999999999999716e+00 1.540000000000000036e+00 1.929999999999999938e+00 5.360000000000000320e+00 2.359999999999999876e+00 9.599999999999999645e-01 7.660000000000000142e+00 1.069300000000000068e+02
1.753999999999999915e+01 5.179999999999999716e+00 1.530000000000000027e+00 1.909999999999999920e+00 5.320000000000000284e+00 2.359999999999999876e+00 9.599999999999999645e-01 7.679999999999999716e+00 1.060000000000000000e+02
1.751000000000000156e+01 5.150000000000000355e+00 1.530000000000000027e+00 1.899999999999999911e+00 5.269999999999999574e+00 2.350000000000000089e+00 9.599999999999999645e-01 7.750000000000000000e+00 1.009000000000000057e+02
1.737999999999999901e+01 5.099999999999999645e+00 1.530000000000000027e+00 1.889999999999999902e+00 5.219999999999999751e+00 2.339999999999999858e+00 9.599999999999999645e-01 7.929999999999999716e+00 9.840999999999999659e+01
1.735999999999999943e+01 5.049999999999999822e+00 1.530000000000000027e+00 1.870000000000000107e+00 5.190000000000000391e+00 2.330000000000000071e+00 9.699999999999999734e-01 8.109999999999999432e+00 9.920000000000000284e+01
1.732999999999999829e+01 5.040000000000000036e+00 1.520000000000000018e+00 1.860000000000000098e+00 5.150000000000000355e+00 2.319999999999999840e+00 9.699999999999999734e-01 8.320000000000000284e+00 9.843999999999999773e+01
1.719000000000000128e+01 5.040000000000000036e+00 1.520000000000000018e+00 1.830000000000000071e+00 5.129999999999999893e+00 2.310000000000000053e+00 9.699999999999999734e-01 8.589999999999999858e+00 9.914000000000000057e+01
1.694000000000000128e+01 5.019999999999999574e+00 1.520000000000000018e+00 1.820000000000000062e+00 5.099999999999999645e+00 2.299999999999999822e+00 9.699999999999999734e-01 8.849999999999999645e+00 1.000499999999999972e+02
1.671999999999999886e+01 4.990000000000000213e+00 1.520000000000000018e+00 1.800000000000000044e+00 5.049999999999999822e+00 2.299999999999999822e+00 9.699999999999999734e-01 9.099999999999999645e+00 1.005000000000000000e+02
1.651000000000000156e+01 4.980000000000000426e+00 1.510000000000000009e+00 1.790000000000000036e+00 4.990000000000000213e+00 2.299999999999999822e+00 9.699999999999999734e-01 9.490000000000000213e+00 1.038599999999999994e+02
1.619999999999999929e+01 4.950000000000000178e+00 1.510000000000000009e+00 1.760000000000000009e+00 4.940000000000000391e+00 2.310000000000000053e+00 9.599999999999999645e-01 9.720000000000000639e+00 1.052900000000000063e+02
1.600000000000000000e+01 4.940000000000000391e+00 1.500000000000000000e+00 1.719999999999999973e+00 4.870000000000000107e+00 2.319999999999999840e+00 9.599999999999999645e-01 9.919999999999999929e+00 1.082099999999999937e+02
1.583000000000000007e+01 4.929999999999999716e+00 1.500000000000000000e+00 1.689999999999999947e+00 4.809999999999999609e+00 2.310000000000000053e+00 9.599999999999999645e-01 1.011999999999999922e+01 1.088499999999999943e+02
1.575000000000000000e+01 4.910000000000000142e+00 1.489999999999999991e+00 1.669999999999999929e+00 4.750000000000000000e+00 2.319999999999999840e+00 9.599999999999999645e-01 1.030000000000000071e+01 1.105499999999999972e+02
1.573000000000000043e+01 4.879999999999999893e+00 1.489999999999999991e+00 1.639999999999999902e+00 4.709999999999999964e+00 2.330000000000000071e+00 9.499999999999999556e-01 1.050000000000000000e+01 1.093900000000000006e+02
1.582000000000000028e+01 4.860000000000000320e+00 1.479999999999999982e+00 1.620000000000000107e+00 4.669999999999999929e+00 2.330000000000000071e+00 9.499999999999999556e-01 1.071000000000000085e+01 1.070100000000000051e+02
1.601999999999999957e+01 4.839999999999999858e+00 1.469999999999999973e+00 1.610000000000000098e+00 4.650000000000000355e+00 2.339999999999999858e+00 9.399999999999999467e-01 1.083000000000000007e+01 1.070600000000000023e+02
1.625000000000000000e+01 4.820000000000000284e+00 1.459999999999999964e+00 1.600000000000000089e+00 4.629999999999999893e+00 2.370000000000000107e+00 9.300000000000000488e-01 1.084999999999999964e+01 1.085799999999999983e+02
1.657000000000000028e+01 4.799999999999999822e+00 1.459999999999999964e+00 1.600000000000000089e+00 4.610000000000000320e+00 2.390000000000000124e+00 9.200000000000000400e-01 1.108000000000000007e+01 1.121099999999999994e+02
1.673999999999999844e+01 4.759999999999999787e+00 1.449999999999999956e+00 1.590000000000000080e+00 4.599999999999999645e+00 2.410000000000000142e+00 9.200000000000000400e-01 1.108999999999999986e+01 1.149599999999999937e+02
1.664999999999999858e+01 4.700000000000000178e+00 1.449999999999999956e+00 1.590000000000000080e+00 4.610000000000000320e+00 2.430000000000000160e+00 9.100000000000000311e-01 1.116000000000000014e+01 1.146599999999999966e+02
1.644999999999999929e+01 4.629999999999999893e+00 1.439999999999999947e+00 1.580000000000000071e+00 4.629999999999999893e+00 2.450000000000000178e+00 9.000000000000000222e-01 1.132000000000000028e+01 1.141599999999999966e+02
1.646000000000000085e+01 4.570000000000000284e+00 1.439999999999999947e+00 1.570000000000000062e+00 4.639999999999999680e+00 2.470000000000000195e+00 8.900000000000000133e-01 1.180000000000000071e+01 1.154300000000000068e+02
1.657999999999999829e+01 4.549999999999999822e+00 1.439999999999999947e+00 1.560000000000000053e+00 4.610000000000000320e+00 2.470000000000000195e+00 8.800000000000000044e-01 1.207000000000000028e+01 1.142099999999999937e+02
1.682999999999999829e+01 4.519999999999999574e+00 1.439999999999999947e+00 1.560000000000000053e+00 4.589999999999999858e+00 2.479999999999999982e+00 8.699999999999999956e-01 1.233999999999999986e+01 1.145199999999999960e+02
1.710999999999999943e+01 4.490000000000000213e+00 1.429999999999999938e+00 1.550000000000000044e+00 4.549999999999999822e+00 2.479999999999999982e+00 8.599999999999999867e-01 1.283999999999999986e+01 1.130499999999999972e+02
1.739000000000000057e+01 4.469999999999999751e+00 1.429999999999999938e+00 1.550000000000000044e+00 4.500000000000000000e+00 2.479999999999999982e+00 8.599999999999999867e-01 1.314000000000000057e+01 1.064500000000000028e+02
1.778999999999999915e+01 4.429999999999999716e+00 1.429999999999999938e+00 1.540000000000000036e+00 4.469999999999999751e+00 2.470000000000000195e+00 8.499999999999999778e-01 1.367999999999999972e+01 1.018700000000000045e+02
1.812000000000000099e+01 4.410000000000000142e+00 1.429999999999999938e+00 1.540000000000000036e+00 4.419999999999999929e+00 2.459999999999999964e+00 8.499999999999999778e-01 1.411999999999999922e+01 9.903000000000000114e+01
1.839000000000000057e+01 4.379999999999999893e+00 1.429999999999999938e+00 1.540000000000000036e+00 4.370000000000000107e+00 2.439999999999999947e+00 8.499999999999999778e-01 1.481000000000000050e+01 9.704999999999999716e+01
1.848000000000000043e+01 4.349999999999999645e+00 1.429999999999999938e+00 1.540000000000000036e+00 4.320000000000000284e+00 2.419999999999999929e+00 8.399999999999999689e-01 1.541000000000000014e+01 9.489000000000000057e+01
1.821999999999999886e+01 4.280000000000000249e+00 1.429999999999999938e+00 1.540000000000000036e+00 4.269999999999999574e+00 2.410000000000000142e+00 8.399999999999999689e-01 1.563000000000000078e+01 9.384000000000000341e+01
1.773999999999999844e+01 4.179999999999999716e+00 1.419999999999999929e+00 1.550000000000000044e+00 4.230000000000000426e+00 2.399999999999999911e+00 8.399999999999999689e-01 1.541000000000000014e+01 9.381000000000000227e+01
1.703000000000000114e+01 4.080000000000000071e+00 1.419999999999999929e+00 1.540000000000000036e+00 4.179999999999999716e+00 2.410000000000000142e+00 8.499999999999999778e-01 1.503999999999999915e+01 9.609999999999999432e+01
1.632000000000000028e+01 3.990000000000000213e+00 1.419999999999999929e+00 1.540000000000000036e+00 4.129999999999999893e+00 2.430000000000000160e+00 8.499999999999999778e-01 1.480000000000000071e+01 1.001200000000000045e+02
1.574000000000000021e+01 3.919999999999999929e+00 1.429999999999999938e+00 1.540000000000000036e+00 4.070000000000000284e+00 2.439999999999999947e+00 8.499999999999999778e-01 1.442999999999999972e+01 1.071599999999999966e+02
1.516000000000000014e+01 3.850000000000000089e+00 1.429999999999999938e+00 1.540000000000000036e+00 4.019999999999999574e+00 2.450000000000000178e+00 8.599999999999999867e-01 1.425000000000000000e+01 1.141200000000000045e+02
1.468999999999999950e+01 3.799999999999999822e+00 1.429999999999999938e+00 1.540000000000000036e+00 3.970000000000000195e+00 2.459999999999999964e+00 8.599999999999999867e-01 1.374000000000000021e+01 1.201099999999999994e+02
1.432000000000000028e+01 3.729999999999999982e+00 1.429999999999999938e+00 1.530000000000000027e+00 3.939999999999999947e+00 2.479999999999999982e+00 8.699999999999999956e-01 1.333000000000000007e+01 1.195100000000000051e+02
1.431000000000000050e+01 3.680000000000000160e+00 1.429999999999999938e+00 1.530000000000000027e+00 3.919999999999999929e+00 2.490000000000000213e+00 8.699999999999999956e-01 1.322000000000000064e+01 1.189300000000000068e+02
1.450000000000000000e+01 3.640000000000000124e+00 1.429999999999999938e+00 1.520000000000000018e+00 3.919999999999999929e+00 2.500000000000000000e+00 8.699999999999999956e-01 1.326999999999999957e+01 1.126299999999999955e+02
1.488000000000000078e+01 3.620000000000000107e+00 1.429999999999999938e+00 1.510000000000000009e+00 3.919999999999999929e+00 2.520000000000000018e+00 8.800000000000000044e-01 1.338000000000000078e+01 1.047900000000000063e+02
1.552999999999999936e+01 3.620000000000000107e+00 1.429999999999999938e+00 1.500000000000000000e+00 3.910000000000000142e+00 2.520000000000000018e+00 8.800000000000000044e-01 1.341000000000000014e+01 9.773999999999999488e+01
1.628000000000000114e+01 3.620000000000000107e+00 1.419999999999999929e+00 1.489999999999999991e+00 3.870000000000000107e+00 2.520000000000000018e+00 8.800000000000000044e-01 1.367999999999999972e+01 9.329999999999999716e+01
1.707999999999999829e+01 3.620000000000000107e+00 1.419999999999999929e+00 1.489999999999999991e+00 3.830000000000000071e+00 2.520000000000000018e+00 8.800000000000000044e-01 1.440000000000000036e+01 8.723999999999999488e+01
1.775000000000000000e+01 3.620000000000000107e+00 1.419999999999999929e+00 1.479999999999999982e+00 3.790000000000000036e+00 2.529999999999999805e+00 8.900000000000000133e-01 1.525000000000000000e+01 8.328000000000000114e+01
1.805000000000000071e+01 3.620000000000000107e+00 1.409999999999999920e+00 1.459999999999999964e+00 3.759999999999999787e+00 2.549999999999999822e+00 8.900000000000000133e-01 1.569999999999999929e+01 7.784999999999999432e+01
1.764999999999999858e+01 3.589999999999999858e+00 1.409999999999999920e+00 1.439999999999999947e+00 3.720000000000000195e+00 2.560000000000000053e+00 8.900000000000000133e-01 1.614999999999999858e+01 7.509999999999999432e+01
1.705000000000000071e+01 3.549999999999999822e+00 1.399999999999999911e+00 1.419999999999999929e+00 3.689999999999999947e+00 2.569999999999999840e+00 8.900000000000000133e-01 1.694999999999999929e+01 7.545999999999999375e+01
1.637000000000000099e+01 3.520000000000000018e+00 1.389999999999999902e+00 1.409999999999999920e+00 3.649999999999999911e+00 2.600000000000000089e+00 8.900000000000000133e-01 1.755000000000000071e+01 7.787000000000000455e+01
1.582000000000000028e+01 3.490000000000000213e+00 1.389999999999999902e+00 1.389999999999999902e+00 3.620000000000000107e+00 2.640000000000000124e+00 8.900000000000000133e-01 1.814000000000000057e+01 8.284000000000000341e+01
1.544999999999999929e+01 3.479999999999999982e+00 1.379999999999999893e+00 1.379999999999999893e+00 3.580000000000000071e+00 2.660000000000000142e+00 8.900000000000000133e-01 1.860000000000000142e+01 9.001999999999999602e+01
1.527999999999999936e+01 3.470000000000000195e+00 1.379999999999999893e+00 1.370000000000000107e+00 3.540000000000000036e+00 2.680000000000000160e+00 9.000000000000000222e-01 1.903999999999999915e+01 9.931000000000000227e+01
1.519999999999999929e+01 3.470000000000000195e+00 1.370000000000000107e+00 1.350000000000000089e+00 3.479999999999999982e+00 2.680000000000000160e+00 9.000000000000000222e-01 1.932000000000000028e+01 1.086899999999999977e+02
1.513000000000000078e+01 3.479999999999999982e+00 1.370000000000000107e+00 1.340000000000000080e+00 3.430000000000000160e+00 2.700000000000000178e+00 9.100000000000000311e-01 1.932000000000000028e+01 1.163700000000000045e+02
1.499000000000000021e+01 3.479999999999999982e+00 1.360000000000000098e+00 1.330000000000000071e+00 3.370000000000000107e+00 2.720000000000000195e+00 9.200000000000000400e-01 1.916000000000000014e+01 1.203400000000000034e+02
1.488000000000000078e+01 3.479999999999999982e+00 1.350000000000000089e+00 1.320000000000000062e+00 3.319999999999999840e+00 2.740000000000000213e+00 9.200000000000000400e-01 1.916000000000000014e+01 1.230400000000000063e+02
1.491000000000000014e+01 3.470000000000000195e+00 1.340000000000000080e+00 1.310000000000000053e+00 3.279999999999999805e+00 2.759999999999999787e+00 9.300000000000000488e-01 1.914000000000000057e+01 1.151599999999999966e+02
1.516999999999999993e+01 3.479999999999999982e+00 1.340000000000000080e+00 1.300000000000000044e+00 3.229999999999999982e+00 2.770000000000000018e+00 9.300000000000000488e-01 1.996000000000000085e+01 1.041099999999999994e+02
1.573000000000000043e+01 3.500000000000000000e+00 1.330000000000000071e+00 1.290000000000000036e+00 3.200000000000000178e+00 2.810000000000000053e+00 9.300000000000000488e-01 2.076000000000000156e+01 9.429000000000000625e+01
1.678999999999999915e+01 3.529999999999999805e+00 1.330000000000000071e+00 1.280000000000000027e+00 3.169999999999999929e+00 2.839999999999999858e+00 9.200000000000000400e-01 2.250000000000000000e+01 9.054999999999999716e+01
1.801000000000000156e+01 3.560000000000000053e+00 1.320000000000000062e+00 1.270000000000000018e+00 3.149999999999999911e+00 2.859999999999999876e+00 9.200000000000000400e-01 2.462000000000000099e+01 9.076999999999999602e+01
1.889000000000000057e+01 3.580000000000000071e+00 1.320000000000000062e+00 1.250000000000000000e+00 3.129999999999999893e+00 2.879999999999999893e+00 9.200000000000000400e-01 2.835999999999999943e+01 9.243999999999999773e+01
1.914999999999999858e+01 3.580000000000000071e+00 1.320000000000000062e+00 1.239999999999999991e+00 3.109999999999999876e+00 2.890000000000000124e+00 9.100000000000000311e-01 3.417000000000000171e+01 9.340000000000000568e+01
1.846999999999999886e+01 3.560000000000000053e+00 1.310000000000000053e+00 1.219999999999999973e+00 3.089999999999999858e+00 2.870000000000000107e+00 9.000000000000000222e-01 3.877000000000000313e+01 9.304999999999999716e+01
1.726999999999999957e+01 3.500000000000000000e+00 1.310000000000000053e+00 1.199999999999999956e+00 3.060000000000000053e+00 2.839999999999999858e+00 8.900000000000000133e-01 4.107999999999999829e+01 9.370000000000000284e+01
1.617999999999999972e+01 3.439999999999999947e+00 1.310000000000000053e+00 1.179999999999999938e+00 3.040000000000000036e+00 2.819999999999999840e+00 8.900000000000000133e-01 4.032000000000000028e+01 9.550000000000000000e+01
1.542999999999999972e+01 3.390000000000000124e+00 1.300000000000000044e+00 1.169999999999999929e+00 3.020000000000000018e+00 2.779999999999999805e+00 8.800000000000000044e-01 3.993999999999999773e+01 9.890000000000000568e+01
1.514000000000000057e+01 3.370000000000000107e+00 1.290000000000000036e+00 1.149999999999999911e+00 2.990000000000000213e+00 2.729999999999999982e+00 8.800000000000000044e-01 4.107000000000000028e+01 1.035300000000000011e+02
1.506000000000000050e+01 3.359999999999999876e+00 1.290000000000000036e+00 1.129999999999999893e+00 2.970000000000000195e+00 2.680000000000000160e+00 8.699999999999999956e-01 4.053000000000000114e+01 1.100799999999999983e+02
1.524000000000000021e+01 3.339999999999999858e+00 1.280000000000000027e+00 1.120000000000000107e+00 2.959999999999999964e+00 2.629999999999999893e+00 8.699999999999999956e-01 4.082999999999999829e+01 1.168100000000000023e+02
1.553999999999999915e+01 3.350000000000000089e+00 1.280000000000000027e+00 1.100000000000000089e+00 2.950000000000000178e+00 2.580000000000000071e+00 8.699999999999999956e-01 3.822999999999999687e+01 1.169800000000000040e+02
1.593999999999999950e+01 3.359999999999999876e+00 1.280000000000000027e+00 1.090000000000000080e+00 2.939999999999999947e+00 2.520000000000000018e+00 8.599999999999999867e-01 3.361999999999999744e+01 1.129599999999999937e+02
1.617999999999999972e+01 3.359999999999999876e+00 1.270000000000000018e+00 1.080000000000000071e+00 2.939999999999999947e+00 2.479999999999999982e+00 8.499999999999999778e-01 2.875000000000000000e+01 1.027500000000000000e+02
1.653999999999999915e+01 3.370000000000000107e+00 1.270000000000000018e+00 1.070000000000000062e+00 2.939999999999999947e+00 2.430000000000000160e+00 8.499999999999999778e-01 2.587000000000000099e+01 9.682999999999999829e+01
1.692000000000000171e+01 3.390000000000000124e+00 1.270000000000000018e+00 1.060000000000000053e+00 2.950000000000000178e+00 2.370000000000000107e+00 8.399999999999999689e-01 2.410999999999999943e+01 9.190999999999999659e+01
1.750000000000000000e+01 3.399999999999999911e+00 1.260000000000000009e+00 1.050000000000000044e+00 2.950000000000000178e+00 2.319999999999999840e+00 8.299999999999999600e-01 2.282000000000000028e+01 9.160999999999999943e+01
1.807000000000000028e+01 3.419999999999999929e+00 1.260000000000000009e+00 1.040000000000000036e+00 2.959999999999999964e+00 2.279999999999999805e+00 8.299999999999999600e-01 2.180000000000000071e+01 9.375000000000000000e+01
1.832999999999999829e+01 3.430000000000000160e+00 1.260000000000000009e+00 1.030000000000000027e+00 2.959999999999999964e+00 2.229999999999999982e+00 8.199999999999999512e-01 2.057999999999999829e+01 9.728000000000000114e+01
1.812000000000000099e+01 3.439999999999999947e+00 1.260000000000000009e+00 1.030000000000000027e+00 2.959999999999999964e+00 2.180000000000000160e+00 8.199999999999999512e-01 1.957000000000000028e+01 9.962000000000000455e+01
1.748000000000000043e+01 3.439999999999999947e+00 1.260000000000000009e+00 1.020000000000000018e+00 2.959999999999999964e+00 2.149999999999999911e+00 8.100000000000000533e-01 1.825000000000000000e+01 1.022600000000000051e+02
1.671000000000000085e+01 3.450000000000000178e+00 1.260000000000000009e+00 1.020000000000000018e+00 2.959999999999999964e+00 2.109999999999999876e+00 8.100000000000000533e-01 1.682000000000000028e+01 1.086800000000000068e+02
