1.000000000000000000e+01
9.700001716613769531e+00
9.402689933776855469e+00
9.130640029907226562e+00
8.928416252136230469e+00
8.820910453796386719e+00
8.810795783996582031e+00
8.858288764953613281e+00
8.943781852722167969e+00
9.056213378906250000e+00
9.170651435852050781e+00
9.276082038879394531e+00
9.355366706848144531e+00
9.404101371765136719e+00
9.413997650146484375e+00
9.390885353088378906e+00
9.341367721557617188e+00
9.269186973571777344e+00
9.181304931640625000e+00
9.083215713500976562e+00
8.981236457824707031e+00
8.886920928955078125e+00
8.804815292358398438e+00
8.736921310424804688e+00
8.680843353271484375e+00
8.630741119384765625e+00
8.580660820007324219e+00
8.533446311950683594e+00
8.500330924987792969e+00
8.489663124084472656e+00
8.496736526489257812e+00
8.511479377746582031e+00
8.521903991699218750e+00
8.524756431579589844e+00
8.512084007263183594e+00
8.488511085510253906e+00
8.455926895141601562e+00
8.418763160705566406e+00
8.383335113525390625e+00
8.354875564575195312e+00
8.335849761962890625e+00
8.324839591979980469e+00
8.319169998168945312e+00
8.310280799865722656e+00
8.299960136413574219e+00
8.275568962097167969e+00
8.236722946166992188e+00
8.180155754089355469e+00
8.116602897644042969e+00
8.062434196472167969e+00
8.030924797058105469e+00
8.021420478820800781e+00
8.033991813659667969e+00
8.044279098510742188e+00
8.045685768127441406e+00
8.028859138488769531e+00
7.997839927673339844e+00
7.945416450500488281e+00
7.882282257080078125e+00
7.823674678802490234e+00
7.781774520874023438e+00
7.766214847564697266e+00
7.778059959411621094e+00
7.814352512359619141e+00
7.863213062286376953e+00
7.917225360870361328e+00
7.975767612457275391e+00
8.028967857360839844e+00
8.074391365051269531e+00
8.115555763244628906e+00
8.138046264648437500e+00
8.135498046875000000e+00
8.124711990356445312e+00
8.101593017578125000e+00
8.074313163757324219e+00
8.047587394714355469e+00
8.015887260437011719e+00
7.987544536590576172e+00
7.965226173400878906e+00
7.950363636016845703e+00
7.937272548675537109e+00
7.926466941833496094e+00
7.908590316772460938e+00
7.880904674530029297e+00
7.862747669219970703e+00
7.858325958251953125e+00
7.867959022521972656e+00
7.880955696105957031e+00
7.895714282989501953e+00
7.907673358917236328e+00
7.913510322570800781e+00
7.910210132598876953e+00
7.903230190277099609e+00
7.895137310028076172e+00
7.893258571624755859e+00
7.893882274627685547e+00
7.908367633819580078e+00
7.929935932159423828e+00
7.964126586914062500e+00
7.991218090057373047e+00
8.003602981567382812e+00
7.989102363586425781e+00
7.959073066711425781e+00
7.929297447204589844e+00
7.914544582366943359e+00
7.912750720977783203e+00
7.923357486724853516e+00
7.950583934783935547e+00
7.967272758483886719e+00
7.975924968719482422e+00
7.972405910491943359e+00
7.962183475494384766e+00
7.939636707305908203e+00
7.916890621185302734e+00
7.892814159393310547e+00
7.876749515533447266e+00
7.880239009857177734e+00
7.898082733154296875e+00
7.919343471527099609e+00
7.924240589141845703e+00
7.915337085723876953e+00
7.908540248870849609e+00
7.911246299743652344e+00
7.918593883514404297e+00
7.926738739013671875e+00
7.930580615997314453e+00
7.939664840698242188e+00
7.945582389831542969e+00
7.940615653991699219e+00
7.939064502716064453e+00
7.932938575744628906e+00
7.928256988525390625e+00
7.922942161560058594e+00
7.921707630157470703e+00
7.926745414733886719e+00
7.932003021240234375e+00
7.943226814270019531e+00
7.941040992736816406e+00
7.916331768035888672e+00
7.879367351531982422e+00
7.854196548461914062e+00
7.839314460754394531e+00
7.833228111267089844e+00
7.835947513580322266e+00
7.844182968139648438e+00
7.868453502655029297e+00
7.898997306823730469e+00
7.936268329620361328e+00
7.968327999114990234e+00
7.988411426544189453e+00
7.997856616973876953e+00
7.992285251617431641e+00
7.982597351074218750e+00
7.971951007843017578e+00
7.951112270355224609e+00
7.926547527313232422e+00
7.894637584686279297e+00
7.881291866302490234e+00
7.880716800689697266e+00
7.891116142272949219e+00
7.932684898376464844e+00
7.982498645782470703e+00
8.033418655395507812e+00
8.073482513427734375e+00
8.096119880676269531e+00
8.087068557739257812e+00
8.066116333007812500e+00
8.041606903076171875e+00
8.026305198669433594e+00
8.026393890380859375e+00
8.036728858947753906e+00
8.042787551879882812e+00
8.028863906860351562e+00
7.992357254028320312e+00
7.935190677642822266e+00
7.881026744842529297e+00
7.848160743713378906e+00
7.850560188293457031e+00
7.900593280792236328e+00
7.967346668243408203e+00
8.024806976318359375e+00
8.048666000366210938e+00
8.026721000671386719e+00
7.971202373504638672e+00
7.908907413482666016e+00
7.871352195739746094e+00
7.869617938995361328e+00
7.883196830749511719e+00
7.914207935333251953e+00
7.937243461608886719e+00
7.945851802825927734e+00
7.931139469146728516e+00
7.924990177154541016e+00
7.927504062652587891e+00
7.950105190277099609e+00
7.979861259460449219e+00
7.993749618530273438e+00
7.988243579864501953e+00
7.955427646636962891e+00
7.910766124725341797e+00
