-1.108163528442382812e+02
-1.105163574218750000e+02
-1.102160415649414062e+02
-1.099152679443359375e+02
-1.096135940551757812e+02
-1.093106231689453125e+02
-1.090062255859375000e+02
-1.087009353637695312e+02
-1.083952178955078125e+02
-1.080891113281250000e+02
-1.077838668823242188e+02
-1.074796676635742188e+02
-1.071773910522460938e+02
-1.068769073486328125e+02
-1.065791091918945312e+02
-1.062830200195312500e+02
-1.059884109497070312e+02
-1.056949920654296875e+02
-1.054024505615234375e+02
-1.051107788085937500e+02
-1.048197555541992188e+02
-1.045283508300781250e+02
-1.042365036010742188e+02
-1.039442520141601562e+02
-1.036519241333007812e+02
-1.033604736328125000e+02
-1.030697174072265625e+02
-1.027795410156250000e+02
-1.024896240234375000e+02
-1.022004318237304688e+02
-1.019115600585937500e+02
-1.016243591308593750e+02
-1.013398513793945312e+02
-1.010564117431640625e+02
-1.007749328613281250e+02
-1.004951629638671875e+02
-1.002178497314453125e+02
-9.994333648681640625e+01
-9.967078399658203125e+01
-9.939968109130859375e+01
-9.913015747070312500e+01
-9.886277008056640625e+01
-9.859664916992187500e+01
-9.833308410644531250e+01
-9.807145690917968750e+01
-9.781321716308593750e+01
-9.755794525146484375e+01
-9.730570220947265625e+01
-9.705552673339843750e+01
-9.680648040771484375e+01
-9.655880737304687500e+01
-9.631363677978515625e+01
-9.607057189941406250e+01
-9.583364868164062500e+01
-9.560029602050781250e+01
-9.537149047851562500e+01
-9.514451599121093750e+01
-9.492209625244140625e+01
-9.470218658447265625e+01
-9.448205566406250000e+01
-9.426597595214843750e+01
-9.405339050292968750e+01
-9.384252166748046875e+01
-9.363175964355468750e+01
-9.342364501953125000e+01
-9.321546173095703125e+01
-9.301100158691406250e+01
-9.281330108642578125e+01
-9.261713409423828125e+01
-9.242176818847656250e+01
-9.222980499267578125e+01
-9.204545593261718750e+01
-9.186624145507812500e+01
-9.169165802001953125e+01
-9.152103424072265625e+01
-9.135315704345703125e+01
-9.118792724609375000e+01
-9.102627563476562500e+01
-9.086633300781250000e+01
-9.070929718017578125e+01
-9.055381011962890625e+01
-9.040184020996093750e+01
-9.025488281250000000e+01
-9.011215209960937500e+01
-8.997072601318359375e+01
-8.983348846435546875e+01
-8.970183563232421875e+01
-8.957298278808593750e+01
-8.944747161865234375e+01
-8.932347106933593750e+01
-8.920109558105468750e+01
-8.908557891845703125e+01
-8.897214508056640625e+01
-8.886309814453125000e+01
-8.876062774658203125e+01
-8.865803527832031250e+01
-8.855477905273437500e+01
-8.845574951171875000e+01
-8.835896301269531250e+01
-8.826728820800781250e+01
-8.817670440673828125e+01
-8.809117889404296875e+01
-8.800828552246093750e+01
-8.792851257324218750e+01
-8.785051727294921875e+01
-8.777369689941406250e+01
-8.769918823242187500e+01
-8.762534332275390625e+01
-8.755600738525390625e+01
-8.748800659179687500e+01
-8.742240905761718750e+01
-8.736135101318359375e+01
-8.730366516113281250e+01
-8.724707031250000000e+01
-8.719184875488281250e+01
-8.713796234130859375e+01
-8.708826446533203125e+01
-8.704206085205078125e+01
-8.699466705322265625e+01
-8.695090484619140625e+01
-8.690757751464843750e+01
-8.686352539062500000e+01
-8.682266235351562500e+01
-8.678363037109375000e+01
-8.674920654296875000e+01
-8.671792602539062500e+01
-8.669170379638671875e+01
-8.666632843017578125e+01
-8.664306640625000000e+01
-8.661859893798828125e+01
-8.659616851806640625e+01
-8.657337188720703125e+01
-8.654887390136718750e+01
-8.652530670166015625e+01
-8.650438690185546875e+01
-8.648253631591796875e+01
-8.645965576171875000e+01
-8.643968963623046875e+01
-8.642166137695312500e+01
-8.640173339843750000e+01
-8.638282012939453125e+01
-8.636542510986328125e+01
-8.634777832031250000e+01
-8.632936859130859375e+01
-8.630854797363281250e+01
-8.628916168212890625e+01
-8.626771545410156250e+01
-8.624657440185546875e+01
-8.622680664062500000e+01
-8.621042633056640625e+01
-8.619072723388671875e+01
-8.617281341552734375e+01
-8.615368652343750000e+01
-8.613695526123046875e+01
-8.612516021728515625e+01
-8.611291503906250000e+01
-8.609986877441406250e+01
-8.608708953857421875e+01
-8.607872772216796875e+01
-8.606960296630859375e+01
-8.606047058105468750e+01
-8.605165863037109375e+01
-8.604410552978515625e+01
-8.603625488281250000e+01
-8.602306365966796875e+01
-8.601345825195312500e+01
-8.600691986083984375e+01
-8.600366210937500000e+01
-8.600141143798828125e+01
-8.599833679199218750e+01
-8.599169921875000000e+01
-8.598350524902343750e+01
-8.597672271728515625e+01
-8.597579193115234375e+01
-8.597562408447265625e+01
-8.597444915771484375e+01
-8.597013092041015625e+01
-8.596363830566406250e+01
-8.595919036865234375e+01
-8.595542907714843750e+01
-8.595524597167968750e+01
-8.595319366455078125e+01
-8.595316314697265625e+01
-8.595326232910156250e+01
-8.595510864257812500e+01
-8.595978546142578125e+01
-8.596373748779296875e+01
-8.596726989746093750e+01
-8.597503662109375000e+01
-8.598230743408203125e+01
-8.599041748046875000e+01
-8.599786376953125000e+01
-8.600577545166015625e+01
-8.601564788818359375e+01
-8.602489471435546875e+01
-8.603601074218750000e+01
-8.604285430908203125e+01
-8.604846191406250000e+01
-8.605030059814453125e+01
-8.605241394042968750e+01
