3.917999999999999972e+01 2.412000000000000099e+01 2.796999999999999886e+01 2.796999999999999886e+01 2.326999999999999957e+01 5.096999999999999886e+01 2.148000000000000043e+01 3.540999999999999659e+01 5.539999999999999858e+01
2.901999999999999957e+01 1.787000000000000099e+01 2.071999999999999886e+01 2.071999999999999886e+01 1.723999999999999844e+01 3.775999999999999801e+01 1.591000000000000014e+01 4.779999999999999716e+01 4.103999999999999915e+01
2.278000000000000114e+01 1.453999999999999915e+01 1.561999999999999922e+01 1.737000000000000099e+01 1.282000000000000028e+01 2.853999999999999915e+01 1.214000000000000057e+01 4.064999999999999858e+01 3.073000000000000043e+01
1.892000000000000171e+01 1.282000000000000028e+01 1.177999999999999936e+01 1.433999999999999986e+01 1.032000000000000028e+01 2.162999999999999901e+01 9.259999999999999787e+00 3.513000000000000256e+01 2.328999999999999915e+01
1.671000000000000085e+01 1.213000000000000078e+01 9.619999999999999218e+00 1.206000000000000050e+01 8.689999999999999503e+00 1.635999999999999943e+01 7.839999999999999858e+00 3.160000000000000142e+01 1.894999999999999929e+01
1.574000000000000021e+01 1.243999999999999950e+01 8.109999999999999432e+00 1.038000000000000078e+01 7.509999999999999787e+00 1.325999999999999979e+01 6.820000000000000284e+00 2.951999999999999957e+01 1.584999999999999964e+01
1.544999999999999929e+01 1.350000000000000000e+01 7.200000000000000178e+00 9.230000000000000426e+00 6.620000000000000107e+00 1.089000000000000057e+01 6.440000000000000391e+00 2.660999999999999943e+01 1.359999999999999964e+01
1.535999999999999943e+01 1.483999999999999986e+01 6.370000000000000107e+00 8.210000000000000853e+00 5.900000000000000355e+00 9.250000000000000000e+00 6.000000000000000000e+00 2.639000000000000057e+01 1.211999999999999922e+01
1.581000000000000050e+01 1.705999999999999872e+01 5.719999999999999751e+00 7.690000000000000391e+00 5.320000000000000284e+00 8.009999999999999787e+00 5.660000000000000142e+00 2.739999999999999858e+01 1.091999999999999993e+01
1.628999999999999915e+01 1.996999999999999886e+01 5.110000000000000320e+00 7.190000000000000391e+00 4.799999999999999822e+00 6.849999999999999645e+00 5.490000000000000213e+00 2.819000000000000128e+01 1.007000000000000028e+01
1.678999999999999915e+01 2.358999999999999986e+01 4.639999999999999680e+00 6.889999999999999680e+00 4.339999999999999858e+00 6.120000000000000107e+00 5.400000000000000355e+00 2.846000000000000085e+01 9.349999999999999645e+00
1.721000000000000085e+01 2.673000000000000043e+01 4.219999999999999751e+00 6.580000000000000071e+00 3.959999999999999964e+00 5.599999999999999645e+00 5.240000000000000213e+00 2.980000000000000071e+01 8.789999999999999147e+00
1.755000000000000071e+01 2.653999999999999915e+01 3.859999999999999876e+00 6.400000000000000355e+00 3.629999999999999893e+00 5.070000000000000284e+00 5.129999999999999893e+00 3.274000000000000199e+01 8.269999999999999574e+00
1.769999999999999929e+01 2.487999999999999901e+01 3.520000000000000018e+00 6.250000000000000000e+00 3.350000000000000089e+00 4.599999999999999645e+00 5.030000000000000249e+00 3.664999999999999858e+01 7.809999999999999609e+00
1.755000000000000071e+01 2.214999999999999858e+01 3.220000000000000195e+00 6.059999999999999609e+00 3.109999999999999876e+00 4.169999999999999929e+00 4.900000000000000355e+00 4.167999999999999972e+01 7.469999999999999751e+00
1.741000000000000014e+01 1.978999999999999915e+01 2.959999999999999964e+00 6.030000000000000249e+00 2.899999999999999911e+00 3.790000000000000036e+00 4.790000000000000036e+00 4.424000000000000199e+01 7.169999999999999929e+00
1.712000000000000099e+01 1.773000000000000043e+01 2.740000000000000213e+00 5.980000000000000426e+00 2.729999999999999982e+00 3.490000000000000213e+00 4.580000000000000071e+00 4.450000000000000000e+01 6.870000000000000107e+00
1.701000000000000156e+01 1.571000000000000085e+01 2.549999999999999822e+00 5.790000000000000036e+00 2.580000000000000071e+00 3.270000000000000018e+00 4.500000000000000000e+00 4.402000000000000313e+01 6.570000000000000284e+00
1.705999999999999872e+01 1.416999999999999993e+01 2.390000000000000124e+00 5.540000000000000036e+00 2.439999999999999947e+00 3.109999999999999876e+00 4.459999999999999964e+00 4.307000000000000028e+01 6.320000000000000284e+00
1.728000000000000114e+01 1.300000000000000000e+01 2.250000000000000000e+00 5.250000000000000000e+00 2.330000000000000071e+00 2.990000000000000213e+00 4.490000000000000213e+00 4.296999999999999886e+01 6.070000000000000284e+00
1.789000000000000057e+01 1.218999999999999950e+01 2.140000000000000124e+00 5.019999999999999574e+00 2.240000000000000213e+00 2.870000000000000107e+00 4.549999999999999822e+00 4.409000000000000341e+01 5.839999999999999858e+00
1.869999999999999929e+01 1.175000000000000000e+01 2.049999999999999822e+00 4.839999999999999858e+00 2.169999999999999929e+00 2.770000000000000018e+00 4.599999999999999645e+00 4.615999999999999659e+01 5.650000000000000355e+00
2.017000000000000171e+01 1.143999999999999950e+01 1.979999999999999982e+00 4.679999999999999716e+00 2.080000000000000071e+00 2.680000000000000160e+00 4.669999999999999929e+00 4.977000000000000313e+01 5.500000000000000000e+00
2.200000000000000000e+01 1.133000000000000007e+01 1.929999999999999938e+00 4.650000000000000355e+00 2.009999999999999787e+00 2.600000000000000089e+00 4.769999999999999574e+00 5.188000000000000256e+01 5.339999999999999858e+00
2.448000000000000043e+01 1.093999999999999950e+01 1.879999999999999893e+00 4.500000000000000000e+00 1.939999999999999947e+00 2.529999999999999805e+00 4.809999999999999609e+00 5.600000000000000000e+01 5.209999999999999964e+00
2.780000000000000071e+01 1.028999999999999915e+01 1.830000000000000071e+00 4.360000000000000320e+00 1.870000000000000107e+00 2.479999999999999982e+00 4.709999999999999964e+00 5.836999999999999744e+01 5.099999999999999645e+00
3.114000000000000057e+01 9.509999999999999787e+00 1.780000000000000027e+00 4.259999999999999787e+00 1.800000000000000044e+00 2.439999999999999947e+00 4.580000000000000071e+00 6.259000000000000341e+01 4.980000000000000426e+00
3.289000000000000057e+01 8.769999999999999574e+00 1.729999999999999982e+00 4.129999999999999893e+00 1.739999999999999991e+00 2.379999999999999893e+00 4.410000000000000142e+00 6.529999999999999716e+01 4.879999999999999893e+00
3.213000000000000256e+01 8.080000000000000071e+00 1.679999999999999938e+00 4.009999999999999787e+00 1.699999999999999956e+00 2.319999999999999840e+00 4.259999999999999787e+00 6.873999999999999488e+01 4.790000000000000036e+00
2.991000000000000014e+01 7.459999999999999964e+00 1.629999999999999893e+00 3.910000000000000142e+00 1.659999999999999920e+00 2.270000000000000018e+00 4.120000000000000107e+00 7.451999999999999602e+01 4.690000000000000391e+00
2.710999999999999943e+01 6.919999999999999929e+00 1.580000000000000071e+00 3.819999999999999840e+00 1.629999999999999893e+00 2.259999999999999787e+00 4.019999999999999574e+00 7.859000000000000341e+01 4.599999999999999645e+00
2.553000000000000114e+01 6.490000000000000213e+00 1.540000000000000036e+00 3.729999999999999982e+00 1.590000000000000080e+00 2.240000000000000213e+00 3.899999999999999911e+00 7.721999999999999886e+01 4.519999999999999574e+00
2.498999999999999844e+01 6.059999999999999609e+00 1.500000000000000000e+00 3.609999999999999876e+00 1.560000000000000053e+00 2.220000000000000195e+00 3.839999999999999858e+00 8.162000000000000455e+01 4.490000000000000213e+00
2.487000000000000099e+01 5.679999999999999716e+00 1.459999999999999964e+00 3.479999999999999982e+00 1.540000000000000036e+00 2.220000000000000195e+00 3.790000000000000036e+00 9.332999999999999829e+01 4.469999999999999751e+00
2.521999999999999886e+01 5.370000000000000107e+00 1.429999999999999938e+00 3.330000000000000071e+00 1.520000000000000018e+00 2.209999999999999964e+00 3.799999999999999822e+00 1.060000000000000000e+02 4.459999999999999964e+00
2.610000000000000142e+01 5.129999999999999893e+00 1.389999999999999902e+00 3.160000000000000142e+00 1.510000000000000009e+00 2.180000000000000160e+00 3.740000000000000213e+00 1.264899999999999949e+02 4.429999999999999716e+00
2.716000000000000014e+01 4.910000000000000142e+00 1.360000000000000098e+00 3.020000000000000018e+00 1.500000000000000000e+00 2.129999999999999893e+00 3.700000000000000178e+00 1.185600000000000023e+02 4.379999999999999893e+00
2.841000000000000014e+01 4.709999999999999964e+00 1.330000000000000071e+00 2.870000000000000107e+00 1.489999999999999991e+00 2.089999999999999858e+00 3.660000000000000142e+00 1.033499999999999943e+02 4.339999999999999858e+00
2.976999999999999957e+01 4.509999999999999787e+00 1.300000000000000044e+00 2.729999999999999982e+00 1.479999999999999982e+00 2.040000000000000036e+00 3.649999999999999911e+00 9.382999999999999829e+01 4.299999999999999822e+00
3.046999999999999886e+01 4.299999999999999822e+00 1.280000000000000027e+00 2.589999999999999858e+00 1.469999999999999973e+00 2.009999999999999787e+00 3.660000000000000142e+00 8.696999999999999886e+01 4.240000000000000213e+00
3.121000000000000085e+01 4.080000000000000071e+00 1.260000000000000009e+00 2.490000000000000213e+00 1.459999999999999964e+00 1.959999999999999964e+00 3.709999999999999964e+00 7.737000000000000455e+01 4.169999999999999929e+00
3.176999999999999957e+01 3.879999999999999893e+00 1.239999999999999991e+00 2.419999999999999929e+00 1.449999999999999956e+00 1.919999999999999929e+00 3.750000000000000000e+00 7.150000000000000000e+01 4.110000000000000320e+00
3.130000000000000071e+01 3.729999999999999982e+00 1.219999999999999973e+00 2.350000000000000089e+00 1.449999999999999956e+00 1.879999999999999893e+00 3.790000000000000036e+00 6.748000000000000398e+01 4.059999999999999609e+00
3.017000000000000171e+01 3.589999999999999858e+00 1.199999999999999956e+00 2.279999999999999805e+00 1.439999999999999947e+00 1.830000000000000071e+00 3.859999999999999876e+00 6.487999999999999545e+01 4.019999999999999574e+00
2.903000000000000114e+01 3.490000000000000213e+00 1.179999999999999938e+00 2.220000000000000195e+00 1.429999999999999938e+00 1.790000000000000036e+00 3.990000000000000213e+00 6.250000000000000000e+01 3.970000000000000195e+00
2.798999999999999844e+01 3.410000000000000142e+00 1.159999999999999920e+00 2.180000000000000160e+00 1.419999999999999929e+00 1.760000000000000009e+00 4.120000000000000107e+00 6.260000000000000142e+01 3.919999999999999929e+00
2.739999999999999858e+01 3.339999999999999858e+00 1.139999999999999902e+00 2.109999999999999876e+00 1.419999999999999929e+00 1.729999999999999982e+00 4.250000000000000000e+00 6.470000000000000284e+01 3.850000000000000089e+00
2.712999999999999901e+01 3.279999999999999805e+00 1.120000000000000107e+00 2.040000000000000036e+00 1.429999999999999938e+00 1.719999999999999973e+00 4.410000000000000142e+00 6.803000000000000114e+01 3.790000000000000036e+00
2.705999999999999872e+01 3.229999999999999982e+00 1.100000000000000089e+00 1.979999999999999982e+00 1.449999999999999956e+00 1.699999999999999956e+00 4.580000000000000071e+00 7.351999999999999602e+01 3.740000000000000213e+00
2.619999999999999929e+01 3.209999999999999964e+00 1.080000000000000071e+00 1.919999999999999929e+00 1.459999999999999964e+00 1.679999999999999938e+00 4.750000000000000000e+00 7.942000000000000171e+01 3.709999999999999964e+00
2.571999999999999886e+01 3.189999999999999947e+00 1.070000000000000062e+00 1.870000000000000107e+00 1.469999999999999973e+00 1.659999999999999920e+00 5.040000000000000036e+00 8.495999999999999375e+01 3.680000000000000160e+00
2.480999999999999872e+01 3.169999999999999929e+00 1.060000000000000053e+00 1.820000000000000062e+00 1.469999999999999973e+00 1.649999999999999911e+00 5.259999999999999787e+00 9.332999999999999829e+01 3.649999999999999911e+00
2.417000000000000171e+01 3.160000000000000142e+00 1.050000000000000044e+00 1.790000000000000036e+00 1.469999999999999973e+00 1.629999999999999893e+00 5.400000000000000355e+00 9.818999999999999773e+01 3.620000000000000107e+00
2.339999999999999858e+01 3.129999999999999893e+00 1.040000000000000036e+00 1.780000000000000027e+00 1.489999999999999991e+00 1.620000000000000107e+00 5.469999999999999751e+00 1.010199999999999960e+02 3.589999999999999858e+00
2.283999999999999986e+01 3.109999999999999876e+00 1.030000000000000027e+00 1.760000000000000009e+00 1.500000000000000000e+00 1.620000000000000107e+00 5.639999999999999680e+00 1.026099999999999994e+02 3.549999999999999822e+00
2.239000000000000057e+01 3.100000000000000089e+00 1.030000000000000027e+00 1.729999999999999982e+00 1.510000000000000009e+00 1.610000000000000098e+00 5.849999999999999645e+00 1.037399999999999949e+02 3.520000000000000018e+00
2.228000000000000114e+01 3.089999999999999858e+00 1.020000000000000018e+00 1.699999999999999956e+00 1.530000000000000027e+00 1.620000000000000107e+00 6.040000000000000036e+00 1.031200000000000045e+02 3.470000000000000195e+00
2.248000000000000043e+01 3.080000000000000071e+00 1.000000000000000000e+00 1.679999999999999938e+00 1.530000000000000027e+00 1.620000000000000107e+00 6.240000000000000213e+00 1.028599999999999994e+02 3.430000000000000160e+00
2.289999999999999858e+01 3.069999999999999840e+00 1.000000000000000000e+00 1.649999999999999911e+00 1.530000000000000027e+00 1.629999999999999893e+00 6.419999999999999929e+00 1.023499999999999943e+02 3.390000000000000124e+00
2.371000000000000085e+01 3.069999999999999840e+00 9.899999999999999911e-01 1.629999999999999893e+00 1.550000000000000044e+00 1.629999999999999893e+00 6.429999999999999716e+00 9.956999999999999318e+01 3.370000000000000107e+00
2.510999999999999943e+01 3.060000000000000053e+00 9.899999999999999911e-01 1.600000000000000089e+00 1.560000000000000053e+00 1.620000000000000107e+00 6.480000000000000426e+00 9.668999999999999773e+01 3.339999999999999858e+00
2.666000000000000014e+01 3.040000000000000036e+00 9.799999999999999822e-01 1.570000000000000062e+00 1.570000000000000062e+00 1.620000000000000107e+00 6.500000000000000000e+00 9.184000000000000341e+01 3.310000000000000053e+00
2.764999999999999858e+01 3.029999999999999805e+00 9.699999999999999734e-01 1.540000000000000036e+00 1.580000000000000071e+00 1.620000000000000107e+00 6.580000000000000071e+00 8.784000000000000341e+01 3.290000000000000036e+00
2.805000000000000071e+01 3.020000000000000018e+00 9.699999999999999734e-01 1.510000000000000009e+00 1.590000000000000080e+00 1.610000000000000098e+00 6.669999999999999929e+00 8.514000000000000057e+01 3.279999999999999805e+00
2.773999999999999844e+01 2.990000000000000213e+00 9.699999999999999734e-01 1.500000000000000000e+00 1.610000000000000098e+00 1.610000000000000098e+00 6.709999999999999964e+00 7.910999999999999943e+01 3.290000000000000036e+00
2.755999999999999872e+01 2.970000000000000195e+00 9.699999999999999734e-01 1.479999999999999982e+00 1.629999999999999893e+00 1.620000000000000107e+00 6.849999999999999645e+00 7.275000000000000000e+01 3.290000000000000036e+00
2.751999999999999957e+01 2.939999999999999947e+00 9.599999999999999645e-01 1.459999999999999964e+00 1.649999999999999911e+00 1.620000000000000107e+00 7.009999999999999787e+00 6.840999999999999659e+01 3.290000000000000036e+00
2.737999999999999901e+01 2.919999999999999929e+00 9.599999999999999645e-01 1.449999999999999956e+00 1.669999999999999929e+00 1.629999999999999893e+00 7.230000000000000426e+00 6.578000000000000114e+01 3.290000000000000036e+00
2.717999999999999972e+01 2.879999999999999893e+00 9.499999999999999556e-01 1.429999999999999938e+00 1.679999999999999938e+00 1.639999999999999902e+00 7.549999999999999822e+00 6.484000000000000341e+01 3.290000000000000036e+00
2.758999999999999986e+01 2.850000000000000089e+00 9.499999999999999556e-01 1.409999999999999920e+00 1.689999999999999947e+00 1.639999999999999902e+00 7.620000000000000107e+00 6.626000000000000512e+01 3.310000000000000053e+00
2.801000000000000156e+01 2.810000000000000053e+00 9.499999999999999556e-01 1.389999999999999902e+00 1.689999999999999947e+00 1.639999999999999902e+00 7.809999999999999609e+00 7.015000000000000568e+01 3.319999999999999840e+00
2.841000000000000014e+01 2.759999999999999787e+00 9.399999999999999467e-01 1.379999999999999893e+00 1.679999999999999938e+00 1.639999999999999902e+00 8.019999999999999574e+00 7.387000000000000455e+01 3.330000000000000071e+00
2.823000000000000043e+01 2.720000000000000195e+00 9.399999999999999467e-01 1.360000000000000098e+00 1.679999999999999938e+00 1.629999999999999893e+00 8.199999999999999289e+00 7.901000000000000512e+01 3.330000000000000071e+00
2.771999999999999886e+01 2.680000000000000160e+00 9.399999999999999467e-01 1.350000000000000089e+00 1.669999999999999929e+00 1.629999999999999893e+00 8.289999999999999147e+00 8.726000000000000512e+01 3.330000000000000071e+00
2.644000000000000128e+01 2.649999999999999911e+00 9.399999999999999467e-01 1.340000000000000080e+00 1.669999999999999929e+00 1.629999999999999893e+00 8.050000000000000711e+00 9.668999999999999773e+01 3.330000000000000071e+00
2.507000000000000028e+01 2.620000000000000107e+00 9.399999999999999467e-01 1.320000000000000062e+00 1.659999999999999920e+00 1.620000000000000107e+00 7.849999999999999645e+00 1.012800000000000011e+02 3.339999999999999858e+00
2.385000000000000142e+01 2.600000000000000089e+00 9.399999999999999467e-01 1.310000000000000053e+00 1.639999999999999902e+00 1.610000000000000098e+00 7.719999999999999751e+00 1.032099999999999937e+02 3.350000000000000089e+00
2.317999999999999972e+01 2.580000000000000071e+00 9.499999999999999556e-01 1.290000000000000036e+00 1.620000000000000107e+00 1.590000000000000080e+00 7.599999999999999645e+00 1.033199999999999932e+02 3.350000000000000089e+00
2.305999999999999872e+01 2.560000000000000053e+00 9.499999999999999556e-01 1.280000000000000027e+00 1.590000000000000080e+00 1.570000000000000062e+00 7.410000000000000142e+00 1.059200000000000017e+02 3.350000000000000089e+00
2.355999999999999872e+01 2.540000000000000036e+00 9.499999999999999556e-01 1.260000000000000009e+00 1.580000000000000071e+00 1.560000000000000053e+00 7.360000000000000320e+00 1.070300000000000011e+02 3.359999999999999876e+00
2.414000000000000057e+01 2.509999999999999787e+00 9.499999999999999556e-01 1.250000000000000000e+00 1.570000000000000062e+00 1.540000000000000036e+00 7.400000000000000355e+00 1.055900000000000034e+02 3.359999999999999876e+00
2.448999999999999844e+01 2.490000000000000213e+00 9.499999999999999556e-01 1.239999999999999991e+00 1.550000000000000044e+00 1.540000000000000036e+00 7.429999999999999716e+00 1.014599999999999937e+02 3.370000000000000107e+00
2.489000000000000057e+01 2.459999999999999964e+00 9.499999999999999556e-01 1.239999999999999991e+00 1.540000000000000036e+00 1.530000000000000027e+00 7.379999999999999893e+00 9.528000000000000114e+01 3.370000000000000107e+00
2.505999999999999872e+01 2.439999999999999947e+00 9.499999999999999556e-01 1.229999999999999982e+00 1.520000000000000018e+00 1.510000000000000009e+00 7.459999999999999964e+00 8.703000000000000114e+01 3.370000000000000107e+00
2.528000000000000114e+01 2.419999999999999929e+00 9.499999999999999556e-01 1.219999999999999973e+00 1.510000000000000009e+00 1.500000000000000000e+00 7.530000000000000249e+00 8.162000000000000455e+01 3.359999999999999876e+00
2.541000000000000014e+01 2.399999999999999911e+00 9.499999999999999556e-01 1.209999999999999964e+00 1.489999999999999991e+00 1.479999999999999982e+00 7.769999999999999574e+00 8.043000000000000682e+01 3.350000000000000089e+00
2.558999999999999986e+01 2.390000000000000124e+00 9.499999999999999556e-01 1.199999999999999956e+00 1.479999999999999982e+00 1.469999999999999973e+00 7.809999999999999609e+00 8.040999999999999659e+01 3.330000000000000071e+00
2.555000000000000071e+01 2.379999999999999893e+00 9.499999999999999556e-01 1.189999999999999947e+00 1.469999999999999973e+00 1.459999999999999964e+00 7.900000000000000355e+00 7.970000000000000284e+01 3.299999999999999822e+00
2.555000000000000071e+01 2.379999999999999893e+00 9.599999999999999645e-01 1.189999999999999947e+00 1.479999999999999982e+00 1.449999999999999956e+00 7.950000000000000178e+00 7.870000000000000284e+01 3.259999999999999787e+00
2.535999999999999943e+01 2.370000000000000107e+00 9.599999999999999645e-01 1.189999999999999947e+00 1.489999999999999991e+00 1.439999999999999947e+00 8.070000000000000284e+00 7.912000000000000455e+01 3.229999999999999982e+00
2.514000000000000057e+01 2.370000000000000107e+00 9.599999999999999645e-01 1.179999999999999938e+00 1.500000000000000000e+00 1.419999999999999929e+00 8.230000000000000426e+00 7.940999999999999659e+01 3.220000000000000195e+00
2.494999999999999929e+01 2.370000000000000107e+00 9.599999999999999645e-01 1.179999999999999938e+00 1.510000000000000009e+00 1.409999999999999920e+00 8.349999999999999645e+00 8.160999999999999943e+01 3.200000000000000178e+00
2.500000000000000000e+01 2.359999999999999876e+00 9.599999999999999645e-01 1.169999999999999929e+00 1.530000000000000027e+00 1.399999999999999911e+00 8.529999999999999361e+00 8.659999999999999432e+01 3.189999999999999947e+00
2.512000000000000099e+01 2.359999999999999876e+00 9.599999999999999645e-01 1.169999999999999929e+00 1.540000000000000036e+00 1.389999999999999902e+00 8.400000000000000355e+00 9.187000000000000455e+01 3.189999999999999947e+00
2.530999999999999872e+01 2.350000000000000089e+00 9.599999999999999645e-01 1.169999999999999929e+00 1.550000000000000044e+00 1.379999999999999893e+00 8.289999999999999147e+00 9.995000000000000284e+01 3.180000000000000160e+00
2.514000000000000057e+01 2.339999999999999858e+00 9.599999999999999645e-01 1.169999999999999929e+00 1.560000000000000053e+00 1.370000000000000107e+00 8.429999999999999716e+00 1.024899999999999949e+02 3.180000000000000160e+00
2.458999999999999986e+01 2.330000000000000071e+00 9.599999999999999645e-01 1.159999999999999920e+00 1.560000000000000053e+00 1.360000000000000098e+00 8.529999999999999361e+00 9.923000000000000398e+01 3.169999999999999929e+00
2.407999999999999829e+01 2.330000000000000071e+00 9.599999999999999645e-01 1.159999999999999920e+00 1.560000000000000053e+00 1.340000000000000080e+00 8.689999999999999503e+00 9.529000000000000625e+01 3.180000000000000160e+00
2.385999999999999943e+01 2.319999999999999840e+00 9.599999999999999645e-01 1.149999999999999911e+00 1.550000000000000044e+00 1.330000000000000071e+00 8.810000000000000497e+00 9.439000000000000057e+01 3.169999999999999929e+00
2.408999999999999986e+01 2.319999999999999840e+00 9.599999999999999645e-01 1.149999999999999911e+00 1.540000000000000036e+00 1.310000000000000053e+00 9.029999999999999361e+00 9.543999999999999773e+01 3.169999999999999929e+00
2.482000000000000028e+01 2.319999999999999840e+00 9.599999999999999645e-01 1.149999999999999911e+00 1.530000000000000027e+00 1.300000000000000044e+00 9.060000000000000497e+00 9.651999999999999602e+01 3.169999999999999929e+00
2.560999999999999943e+01 2.319999999999999840e+00 9.599999999999999645e-01 1.149999999999999911e+00 1.520000000000000018e+00 1.290000000000000036e+00 8.939999999999999503e+00 9.946999999999999886e+01 3.160000000000000142e+00
2.594000000000000128e+01 2.310000000000000053e+00 9.699999999999999734e-01 1.159999999999999920e+00 1.500000000000000000e+00 1.270000000000000018e+00 8.660000000000000142e+00 1.020100000000000051e+02 3.149999999999999911e+00
2.623999999999999844e+01 2.299999999999999822e+00 9.699999999999999734e-01 1.159999999999999920e+00 1.479999999999999982e+00 1.260000000000000009e+00 8.460000000000000853e+00 1.024899999999999949e+02 3.129999999999999893e+00
2.644999999999999929e+01 2.290000000000000036e+00 9.699999999999999734e-01 1.159999999999999920e+00 1.469999999999999973e+00 1.250000000000000000e+00 8.349999999999999645e+00 1.014300000000000068e+02 3.120000000000000107e+00
2.644999999999999929e+01 2.279999999999999805e+00 9.699999999999999734e-01 1.159999999999999920e+00 1.459999999999999964e+00 1.239999999999999991e+00 8.289999999999999147e+00 9.487000000000000455e+01 3.109999999999999876e+00
2.587000000000000099e+01 2.270000000000000018e+00 9.799999999999999822e-01 1.159999999999999920e+00 1.449999999999999956e+00 1.229999999999999982e+00 8.250000000000000000e+00 9.123999999999999488e+01 3.109999999999999876e+00
2.523999999999999844e+01 2.259999999999999787e+00 9.799999999999999822e-01 1.169999999999999929e+00 1.439999999999999947e+00 1.229999999999999982e+00 8.300000000000000711e+00 8.785999999999999943e+01 3.100000000000000089e+00
2.483999999999999986e+01 2.250000000000000000e+00 9.799999999999999822e-01 1.169999999999999929e+00 1.439999999999999947e+00 1.219999999999999973e+00 8.199999999999999289e+00 8.637000000000000455e+01 3.100000000000000089e+00
2.492000000000000171e+01 2.240000000000000213e+00 9.899999999999999911e-01 1.169999999999999929e+00 1.439999999999999947e+00 1.209999999999999964e+00 8.259999999999999787e+00 8.428000000000000114e+01 3.089999999999999858e+00
2.550000000000000000e+01 2.229999999999999982e+00 9.899999999999999911e-01 1.169999999999999929e+00 1.439999999999999947e+00 1.209999999999999964e+00 8.080000000000000071e+00 8.181999999999999318e+01 3.089999999999999858e+00
2.591000000000000014e+01 2.209999999999999964e+00 1.000000000000000000e+00 1.159999999999999920e+00 1.439999999999999947e+00 1.199999999999999956e+00 8.029999999999999361e+00 8.106000000000000227e+01 3.109999999999999876e+00
2.596000000000000085e+01 2.200000000000000178e+00 1.000000000000000000e+00 1.159999999999999920e+00 1.439999999999999947e+00 1.199999999999999956e+00 7.839999999999999858e+00 8.309000000000000341e+01 3.109999999999999876e+00
2.546999999999999886e+01 2.189999999999999947e+00 1.010000000000000009e+00 1.149999999999999911e+00 1.449999999999999956e+00 1.189999999999999947e+00 7.740000000000000213e+00 8.487999999999999545e+01 3.120000000000000107e+00
2.471999999999999886e+01 2.180000000000000160e+00 1.010000000000000009e+00 1.149999999999999911e+00 1.439999999999999947e+00 1.189999999999999947e+00 7.599999999999999645e+00 8.637000000000000455e+01 3.140000000000000124e+00
2.358999999999999986e+01 2.160000000000000142e+00 1.010000000000000009e+00 1.139999999999999902e+00 1.439999999999999947e+00 1.189999999999999947e+00 7.490000000000000213e+00 8.914000000000000057e+01 3.149999999999999911e+00
2.280000000000000071e+01 2.149999999999999911e+00 1.010000000000000009e+00 1.139999999999999902e+00 1.429999999999999938e+00 1.189999999999999947e+00 7.309999999999999609e+00 9.218999999999999773e+01 3.160000000000000142e+00
2.241000000000000014e+01 2.149999999999999911e+00 1.020000000000000018e+00 1.139999999999999902e+00 1.429999999999999938e+00 1.189999999999999947e+00 7.080000000000000071e+00 9.770999999999999375e+01 3.169999999999999929e+00
2.228000000000000114e+01 2.140000000000000124e+00 1.020000000000000018e+00 1.139999999999999902e+00 1.429999999999999938e+00 1.189999999999999947e+00 6.900000000000000355e+00 1.016099999999999994e+02 3.160000000000000142e+00
2.233999999999999986e+01 2.129999999999999893e+00 1.020000000000000018e+00 1.139999999999999902e+00 1.429999999999999938e+00 1.179999999999999938e+00 6.519999999999999574e+00 1.008400000000000034e+02 3.149999999999999911e+00
2.276000000000000156e+01 2.120000000000000107e+00 1.020000000000000018e+00 1.139999999999999902e+00 1.429999999999999938e+00 1.179999999999999938e+00 6.179999999999999716e+00 9.681999999999999318e+01 3.140000000000000124e+00
2.330000000000000071e+01 2.120000000000000107e+00 1.020000000000000018e+00 1.139999999999999902e+00 1.419999999999999929e+00 1.169999999999999929e+00 5.889999999999999680e+00 9.298999999999999488e+01 3.129999999999999893e+00
2.392999999999999972e+01 2.120000000000000107e+00 1.020000000000000018e+00 1.139999999999999902e+00 1.419999999999999929e+00 1.159999999999999920e+00 5.620000000000000107e+00 9.115000000000000568e+01 3.129999999999999893e+00
2.473999999999999844e+01 2.120000000000000107e+00 1.020000000000000018e+00 1.139999999999999902e+00 1.419999999999999929e+00 1.159999999999999920e+00 5.419999999999999929e+00 8.737999999999999545e+01 3.129999999999999893e+00
2.517000000000000171e+01 2.120000000000000107e+00 1.020000000000000018e+00 1.139999999999999902e+00 1.419999999999999929e+00 1.149999999999999911e+00 5.230000000000000426e+00 8.501000000000000512e+01 3.129999999999999893e+00
2.530000000000000071e+01 2.120000000000000107e+00 1.020000000000000018e+00 1.139999999999999902e+00 1.409999999999999920e+00 1.139999999999999902e+00 5.080000000000000071e+00 8.318999999999999773e+01 3.109999999999999876e+00
2.537000000000000099e+01 2.120000000000000107e+00 1.020000000000000018e+00 1.139999999999999902e+00 1.409999999999999920e+00 1.139999999999999902e+00 4.900000000000000355e+00 8.218000000000000682e+01 3.100000000000000089e+00
2.541000000000000014e+01 2.109999999999999876e+00 1.020000000000000018e+00 1.129999999999999893e+00 1.409999999999999920e+00 1.129999999999999893e+00 4.700000000000000178e+00 8.401999999999999602e+01 3.100000000000000089e+00
2.558999999999999986e+01 2.109999999999999876e+00 1.020000000000000018e+00 1.129999999999999893e+00 1.399999999999999911e+00 1.120000000000000107e+00 4.509999999999999787e+00 8.823000000000000398e+01 3.080000000000000071e+00
2.546000000000000085e+01 2.109999999999999876e+00 1.020000000000000018e+00 1.129999999999999893e+00 1.399999999999999911e+00 1.120000000000000107e+00 4.349999999999999645e+00 9.128000000000000114e+01 3.069999999999999840e+00
2.551000000000000156e+01 2.109999999999999876e+00 1.020000000000000018e+00 1.129999999999999893e+00 1.399999999999999911e+00 1.110000000000000098e+00 4.179999999999999716e+00 9.526999999999999602e+01 3.040000000000000036e+00
2.533999999999999986e+01 2.109999999999999876e+00 1.020000000000000018e+00 1.120000000000000107e+00 1.409999999999999920e+00 1.110000000000000098e+00 4.009999999999999787e+00 9.787999999999999545e+01 3.020000000000000018e+00
2.487999999999999901e+01 2.109999999999999876e+00 1.020000000000000018e+00 1.120000000000000107e+00 1.409999999999999920e+00 1.100000000000000089e+00 3.839999999999999858e+00 9.795999999999999375e+01 3.000000000000000000e+00
2.462000000000000099e+01 2.109999999999999876e+00 1.020000000000000018e+00 1.120000000000000107e+00 1.419999999999999929e+00 1.100000000000000089e+00 3.689999999999999947e+00 1.014000000000000057e+02 2.979999999999999982e+00
2.460999999999999943e+01 2.109999999999999876e+00 1.020000000000000018e+00 1.120000000000000107e+00 1.429999999999999938e+00 1.090000000000000080e+00 3.529999999999999805e+00 1.010999999999999943e+02 2.959999999999999964e+00
2.458999999999999986e+01 2.109999999999999876e+00 1.020000000000000018e+00 1.120000000000000107e+00 1.439999999999999947e+00 1.090000000000000080e+00 3.439999999999999947e+00 9.909999999999999432e+01 2.939999999999999947e+00
2.482000000000000028e+01 2.109999999999999876e+00 1.010000000000000009e+00 1.120000000000000107e+00 1.449999999999999956e+00 1.080000000000000071e+00 3.350000000000000089e+00 9.818999999999999773e+01 2.930000000000000160e+00
2.482000000000000028e+01 2.120000000000000107e+00 1.010000000000000009e+00 1.120000000000000107e+00 1.449999999999999956e+00 1.080000000000000071e+00 3.270000000000000018e+00 9.798999999999999488e+01 2.910000000000000142e+00
2.464999999999999858e+01 2.120000000000000107e+00 1.010000000000000009e+00 1.120000000000000107e+00 1.459999999999999964e+00 1.080000000000000071e+00 3.200000000000000178e+00 9.723999999999999488e+01 2.890000000000000124e+00
2.482999999999999829e+01 2.120000000000000107e+00 1.010000000000000009e+00 1.110000000000000098e+00 1.469999999999999973e+00 1.080000000000000071e+00 3.140000000000000124e+00 9.335999999999999943e+01 2.899999999999999911e+00
2.492000000000000171e+01 2.120000000000000107e+00 1.000000000000000000e+00 1.110000000000000098e+00 1.469999999999999973e+00 1.090000000000000080e+00 3.080000000000000071e+00 9.059999999999999432e+01 2.890000000000000124e+00
2.514000000000000057e+01 2.120000000000000107e+00 1.000000000000000000e+00 1.110000000000000098e+00 1.469999999999999973e+00 1.100000000000000089e+00 3.020000000000000018e+00 8.815999999999999659e+01 2.879999999999999893e+00
2.507999999999999829e+01 2.120000000000000107e+00 9.899999999999999911e-01 1.100000000000000089e+00 1.479999999999999982e+00 1.100000000000000089e+00 2.959999999999999964e+00 8.809000000000000341e+01 2.870000000000000107e+00
2.485000000000000142e+01 2.120000000000000107e+00 9.899999999999999911e-01 1.100000000000000089e+00 1.479999999999999982e+00 1.110000000000000098e+00 2.879999999999999893e+00 8.765000000000000568e+01 2.870000000000000107e+00
2.453999999999999915e+01 2.109999999999999876e+00 9.799999999999999822e-01 1.100000000000000089e+00 1.469999999999999973e+00 1.110000000000000098e+00 2.819999999999999840e+00 8.551999999999999602e+01 2.859999999999999876e+00
2.426000000000000156e+01 2.109999999999999876e+00 9.799999999999999822e-01 1.090000000000000080e+00 1.469999999999999973e+00 1.110000000000000098e+00 2.770000000000000018e+00 8.512999999999999545e+01 2.850000000000000089e+00
2.401000000000000156e+01 2.109999999999999876e+00 9.799999999999999822e-01 1.090000000000000080e+00 1.469999999999999973e+00 1.110000000000000098e+00 2.740000000000000213e+00 8.329999999999999716e+01 2.850000000000000089e+00
2.392000000000000171e+01 2.109999999999999876e+00 9.699999999999999734e-01 1.090000000000000080e+00 1.469999999999999973e+00 1.110000000000000098e+00 2.689999999999999947e+00 8.403000000000000114e+01 2.850000000000000089e+00
2.380000000000000071e+01 2.109999999999999876e+00 9.699999999999999734e-01 1.090000000000000080e+00 1.459999999999999964e+00 1.110000000000000098e+00 2.660000000000000142e+00 8.514000000000000057e+01 2.859999999999999876e+00
2.380000000000000071e+01 2.109999999999999876e+00 9.599999999999999645e-01 1.080000000000000071e+00 1.459999999999999964e+00 1.120000000000000107e+00 2.629999999999999893e+00 8.859000000000000341e+01 2.859999999999999876e+00
2.371999999999999886e+01 2.100000000000000089e+00 9.599999999999999645e-01 1.080000000000000071e+00 1.449999999999999956e+00 1.120000000000000107e+00 2.609999999999999876e+00 9.284999999999999432e+01 2.850000000000000089e+00
2.335999999999999943e+01 2.100000000000000089e+00 9.599999999999999645e-01 1.080000000000000071e+00 1.449999999999999956e+00 1.120000000000000107e+00 2.580000000000000071e+00 9.270999999999999375e+01 2.839999999999999858e+00
2.312000000000000099e+01 2.100000000000000089e+00 9.499999999999999556e-01 1.080000000000000071e+00 1.449999999999999956e+00 1.110000000000000098e+00 2.560000000000000053e+00 9.289000000000000057e+01 2.819999999999999840e+00
2.271999999999999886e+01 2.100000000000000089e+00 9.499999999999999556e-01 1.070000000000000062e+00 1.459999999999999964e+00 1.120000000000000107e+00 2.549999999999999822e+00 9.234999999999999432e+01 2.790000000000000036e+00
2.258999999999999986e+01 2.089999999999999858e+00 9.499999999999999556e-01 1.070000000000000062e+00 1.459999999999999964e+00 1.120000000000000107e+00 2.529999999999999805e+00 9.101999999999999602e+01 2.779999999999999805e+00
2.289000000000000057e+01 2.089999999999999858e+00 9.499999999999999556e-01 1.070000000000000062e+00 1.459999999999999964e+00 1.120000000000000107e+00 2.520000000000000018e+00 8.937000000000000455e+01 2.770000000000000018e+00
2.357000000000000028e+01 2.089999999999999858e+00 9.399999999999999467e-01 1.060000000000000053e+00 1.459999999999999964e+00 1.120000000000000107e+00 2.500000000000000000e+00 8.970000000000000284e+01 2.770000000000000018e+00
2.460999999999999943e+01 2.089999999999999858e+00 9.399999999999999467e-01 1.060000000000000053e+00 1.459999999999999964e+00 1.120000000000000107e+00 2.490000000000000213e+00 9.182999999999999829e+01 2.770000000000000018e+00
2.526000000000000156e+01 2.080000000000000071e+00 9.399999999999999467e-01 1.060000000000000053e+00 1.459999999999999964e+00 1.120000000000000107e+00 2.459999999999999964e+00 9.610999999999999943e+01 2.759999999999999787e+00
2.519000000000000128e+01 2.080000000000000071e+00 9.300000000000000488e-01 1.050000000000000044e+00 1.459999999999999964e+00 1.120000000000000107e+00 2.439999999999999947e+00 9.762999999999999545e+01 2.759999999999999787e+00
2.485999999999999943e+01 2.069999999999999840e+00 9.300000000000000488e-01 1.050000000000000044e+00 1.449999999999999956e+00 1.120000000000000107e+00 2.410000000000000142e+00 9.820999999999999375e+01 2.750000000000000000e+00
2.432000000000000028e+01 2.069999999999999840e+00 9.300000000000000488e-01 1.050000000000000044e+00 1.449999999999999956e+00 1.110000000000000098e+00 2.390000000000000124e+00 9.732999999999999829e+01 2.740000000000000213e+00
2.398999999999999844e+01 2.060000000000000053e+00 9.300000000000000488e-01 1.050000000000000044e+00 1.449999999999999956e+00 1.110000000000000098e+00 2.370000000000000107e+00 9.201999999999999602e+01 2.720000000000000195e+00
2.430999999999999872e+01 2.060000000000000053e+00 9.300000000000000488e-01 1.050000000000000044e+00 1.459999999999999964e+00 1.110000000000000098e+00 2.339999999999999858e+00 8.803000000000000114e+01 2.709999999999999964e+00
2.521000000000000085e+01 2.060000000000000053e+00 9.300000000000000488e-01 1.050000000000000044e+00 1.459999999999999964e+00 1.110000000000000098e+00 2.339999999999999858e+00 8.654999999999999716e+01 2.689999999999999947e+00
2.626999999999999957e+01 2.060000000000000053e+00 9.200000000000000400e-01 1.040000000000000036e+00 1.469999999999999973e+00 1.110000000000000098e+00 2.350000000000000089e+00 8.892000000000000171e+01 2.680000000000000160e+00
2.682000000000000028e+01 2.060000000000000053e+00 9.200000000000000400e-01 1.040000000000000036e+00 1.479999999999999982e+00 1.100000000000000089e+00 2.359999999999999876e+00 8.843000000000000682e+01 2.669999999999999929e+00
2.648999999999999844e+01 2.060000000000000053e+00 9.200000000000000400e-01 1.030000000000000027e+00 1.489999999999999991e+00 1.090000000000000080e+00 2.390000000000000124e+00 8.860999999999999943e+01 2.669999999999999929e+00
2.567999999999999972e+01 2.049999999999999822e+00 9.100000000000000311e-01 1.030000000000000027e+00 1.500000000000000000e+00 1.090000000000000080e+00 2.419999999999999929e+00 8.993999999999999773e+01 2.669999999999999929e+00
2.435999999999999943e+01 2.049999999999999822e+00 9.100000000000000311e-01 1.030000000000000027e+00 1.520000000000000018e+00 1.080000000000000071e+00 2.439999999999999947e+00 9.234000000000000341e+01 2.680000000000000160e+00
2.357000000000000028e+01 2.049999999999999822e+00 9.000000000000000222e-01 1.020000000000000018e+00 1.530000000000000027e+00 1.070000000000000062e+00 2.450000000000000178e+00 9.564000000000000057e+01 2.680000000000000160e+00
2.342999999999999972e+01 2.049999999999999822e+00 9.000000000000000222e-01 1.020000000000000018e+00 1.530000000000000027e+00 1.060000000000000053e+00 2.459999999999999964e+00 1.027800000000000011e+02 2.680000000000000160e+00
2.364000000000000057e+01 2.049999999999999822e+00 9.000000000000000222e-01 1.020000000000000018e+00 1.530000000000000027e+00 1.050000000000000044e+00 2.470000000000000195e+00 1.056899999999999977e+02 2.680000000000000160e+00
2.369999999999999929e+01 2.049999999999999822e+00 9.000000000000000222e-01 1.020000000000000018e+00 1.520000000000000018e+00 1.050000000000000044e+00 2.470000000000000195e+00 1.047800000000000011e+02 2.689999999999999947e+00
2.376000000000000156e+01 2.049999999999999822e+00 8.900000000000000133e-01 1.020000000000000018e+00 1.510000000000000009e+00 1.040000000000000036e+00 2.459999999999999964e+00 1.000100000000000051e+02 2.700000000000000178e+00
2.403000000000000114e+01 2.049999999999999822e+00 8.900000000000000133e-01 1.010000000000000009e+00 1.500000000000000000e+00 1.030000000000000027e+00 2.450000000000000178e+00 9.693999999999999773e+01 2.709999999999999964e+00
2.448999999999999844e+01 2.049999999999999822e+00 8.900000000000000133e-01 1.010000000000000009e+00 1.489999999999999991e+00 1.030000000000000027e+00 2.439999999999999947e+00 9.787000000000000455e+01 2.720000000000000195e+00
2.462999999999999901e+01 2.060000000000000053e+00 8.900000000000000133e-01 1.010000000000000009e+00 1.479999999999999982e+00 1.030000000000000027e+00 2.439999999999999947e+00 9.651000000000000512e+01 2.720000000000000195e+00
2.464000000000000057e+01 2.049999999999999822e+00 8.900000000000000133e-01 1.000000000000000000e+00 1.469999999999999973e+00 1.020000000000000018e+00 2.439999999999999947e+00 9.429000000000000625e+01 2.740000000000000213e+00
2.462999999999999901e+01 2.049999999999999822e+00 8.900000000000000133e-01 1.000000000000000000e+00 1.459999999999999964e+00 1.030000000000000027e+00 2.439999999999999947e+00 9.096999999999999886e+01 2.750000000000000000e+00
2.469999999999999929e+01 2.049999999999999822e+00 8.900000000000000133e-01 1.000000000000000000e+00 1.449999999999999956e+00 1.030000000000000027e+00 2.439999999999999947e+00 8.901999999999999602e+01 2.759999999999999787e+00
2.532999999999999829e+01 2.049999999999999822e+00 8.900000000000000133e-01 1.010000000000000009e+00 1.429999999999999938e+00 1.020000000000000018e+00 2.439999999999999947e+00 8.921999999999999886e+01 2.740000000000000213e+00
2.603000000000000114e+01 2.060000000000000053e+00 8.900000000000000133e-01 1.010000000000000009e+00 1.419999999999999929e+00 1.020000000000000018e+00 2.430000000000000160e+00 8.771999999999999886e+01 2.720000000000000195e+00
2.623999999999999844e+01 2.060000000000000053e+00 8.900000000000000133e-01 1.010000000000000009e+00 1.409999999999999920e+00 1.010000000000000009e+00 2.419999999999999929e+00 8.842000000000000171e+01 2.700000000000000178e+00
2.532000000000000028e+01 2.060000000000000053e+00 8.900000000000000133e-01 1.010000000000000009e+00 1.389999999999999902e+00 1.010000000000000009e+00 2.390000000000000124e+00 8.543000000000000682e+01 2.689999999999999947e+00
2.453999999999999915e+01 2.060000000000000053e+00 8.800000000000000044e-01 1.010000000000000009e+00 1.379999999999999893e+00 1.010000000000000009e+00 2.370000000000000107e+00 8.498000000000000398e+01 2.680000000000000160e+00
2.423999999999999844e+01 2.060000000000000053e+00 8.800000000000000044e-01 1.010000000000000009e+00 1.379999999999999893e+00 1.010000000000000009e+00 2.339999999999999858e+00 8.626000000000000512e+01 2.680000000000000160e+00
2.430000000000000071e+01 2.060000000000000053e+00 8.800000000000000044e-01 1.010000000000000009e+00 1.370000000000000107e+00 1.010000000000000009e+00 2.319999999999999840e+00 9.009000000000000341e+01 2.700000000000000178e+00
2.412000000000000099e+01 2.060000000000000053e+00 8.800000000000000044e-01 1.010000000000000009e+00 1.360000000000000098e+00 1.010000000000000009e+00 2.270000000000000018e+00 9.323000000000000398e+01 2.700000000000000178e+00
2.378000000000000114e+01 2.060000000000000053e+00 8.699999999999999956e-01 1.010000000000000009e+00 1.350000000000000089e+00 1.000000000000000000e+00 2.220000000000000195e+00 9.612999999999999545e+01 2.720000000000000195e+00
2.339999999999999858e+01 2.060000000000000053e+00 8.699999999999999956e-01 1.010000000000000009e+00 1.340000000000000080e+00 1.000000000000000000e+00 2.160000000000000142e+00 9.915999999999999659e+01 2.740000000000000213e+00
2.330000000000000071e+01 2.060000000000000053e+00 8.699999999999999956e-01 1.010000000000000009e+00 1.320000000000000062e+00 1.000000000000000000e+00 2.120000000000000107e+00 9.973999999999999488e+01 2.750000000000000000e+00
2.323999999999999844e+01 2.049999999999999822e+00 8.599999999999999867e-01 1.020000000000000018e+00 1.320000000000000062e+00 9.899999999999999911e-01 2.089999999999999858e+00 9.662000000000000455e+01 2.759999999999999787e+00
2.328000000000000114e+01 2.049999999999999822e+00 8.599999999999999867e-01 1.020000000000000018e+00 1.310000000000000053e+00 9.899999999999999911e-01 2.040000000000000036e+00 9.214000000000000057e+01 2.770000000000000018e+00
2.383999999999999986e+01 2.049999999999999822e+00 8.599999999999999867e-01 1.020000000000000018e+00 1.310000000000000053e+00 9.899999999999999911e-01 2.009999999999999787e+00 9.204999999999999716e+01 2.779999999999999805e+00
2.462999999999999901e+01 2.049999999999999822e+00 8.599999999999999867e-01 1.020000000000000018e+00 1.300000000000000044e+00 9.799999999999999822e-01 1.979999999999999982e+00 9.218000000000000682e+01 2.770000000000000018e+00
2.544999999999999929e+01 2.049999999999999822e+00 8.499999999999999778e-01 1.020000000000000018e+00 1.300000000000000044e+00 9.799999999999999822e-01 1.939999999999999947e+00 9.259999999999999432e+01 2.790000000000000036e+00
2.605999999999999872e+01 2.049999999999999822e+00 8.499999999999999778e-01 1.020000000000000018e+00 1.290000000000000036e+00 9.699999999999999734e-01 1.909999999999999920e+00 9.431999999999999318e+01 2.790000000000000036e+00
2.598000000000000043e+01 2.049999999999999822e+00 8.499999999999999778e-01 1.020000000000000018e+00 1.290000000000000036e+00 9.599999999999999645e-01 1.870000000000000107e+00 9.537000000000000455e+01 2.799999999999999822e+00
2.537999999999999901e+01 2.060000000000000053e+00 8.499999999999999778e-01 1.020000000000000018e+00 1.290000000000000036e+00 9.499999999999999556e-01 1.840000000000000080e+00 9.309000000000000341e+01 2.810000000000000053e+00
