1.000000000000000000e+01
9.700001716613769531e+00
9.418933868408203125e+00
9.214601516723632812e+00
9.121107101440429688e+00
9.125155448913574219e+00
9.198919296264648438e+00
9.322687149047851562e+00
9.452461242675781250e+00
9.581087112426757812e+00
9.679952621459960938e+00
9.736557960510253906e+00
9.746621131896972656e+00
9.709864616394042969e+00
9.640674591064453125e+00
9.545721054077148438e+00
9.445472717285156250e+00
9.347701072692871094e+00
9.263031005859375000e+00
9.195095062255859375e+00
9.146545410156250000e+00
9.118435859680175781e+00
9.104058265686035156e+00
9.101707458496093750e+00
9.101674079895019531e+00
9.090680122375488281e+00
9.065568923950195312e+00
9.018593788146972656e+00
8.946252822875976562e+00
8.847953796386718750e+00
8.743406295776367188e+00
8.644175529479980469e+00
8.562741279602050781e+00
8.518924713134765625e+00
8.505500793457031250e+00
8.499908447265625000e+00
8.486932754516601562e+00
8.461359024047851562e+00
8.429507255554199219e+00
8.404428482055664062e+00
8.398448944091796875e+00
8.390318870544433594e+00
8.385630607604980469e+00
8.397712707519531250e+00
8.415933609008789062e+00
8.449303627014160156e+00
8.486733436584472656e+00
8.529012680053710938e+00
8.566329956054687500e+00
8.607596397399902344e+00
8.636941909790039062e+00
8.654367446899414062e+00
8.649299621582031250e+00
8.630702972412109375e+00
8.592876434326171875e+00
8.557858467102050781e+00
8.523264884948730469e+00
8.496024131774902344e+00
8.470745086669921875e+00
8.453865051269531250e+00
8.446246147155761719e+00
8.433363914489746094e+00
8.409360885620117188e+00
8.377772331237792969e+00
8.342573165893554688e+00
8.311281204223632812e+00
8.288641929626464844e+00
8.277960777282714844e+00
8.288401603698730469e+00
8.313711166381835938e+00
8.340005874633789062e+00
8.369431495666503906e+00
8.388309478759765625e+00
8.391228675842285156e+00
8.376595497131347656e+00
8.353119850158691406e+00
8.320061683654785156e+00
8.302052497863769531e+00
8.302833557128906250e+00
8.315853118896484375e+00
8.337786674499511719e+00
8.354270935058593750e+00
8.355966567993164062e+00
8.359146118164062500e+00
8.359257698059082031e+00
8.361741065979003906e+00
8.362271308898925781e+00
8.365170478820800781e+00
8.361486434936523438e+00
8.352018356323242188e+00
8.336511611938476562e+00
8.320758819580078125e+00
8.323945045471191406e+00
8.335088729858398438e+00
8.344121932983398438e+00
8.330816268920898438e+00
8.299412727355957031e+00
8.263833999633789062e+00
8.238697052001953125e+00
8.231234550476074219e+00
8.242150306701660156e+00
8.259888648986816406e+00
8.267656326293945312e+00
8.269001007080078125e+00
8.262941360473632812e+00
8.244734764099121094e+00
8.222290039062500000e+00
8.199994087219238281e+00
8.193826675415039062e+00
8.213745117187500000e+00
8.259192466735839844e+00
8.308859825134277344e+00
8.352015495300292969e+00
8.373581886291503906e+00
8.381828308105468750e+00
8.379486083984375000e+00
8.377773284912109375e+00
8.379798889160156250e+00
8.379981040954589844e+00
8.380977630615234375e+00
8.385371208190917969e+00
8.384161949157714844e+00
8.380095481872558594e+00
8.376521110534667969e+00
8.359748840332031250e+00
8.337887763977050781e+00
8.316108703613281250e+00
8.297683715820312500e+00
8.288596153259277344e+00
8.277700424194335938e+00
8.274870872497558594e+00
8.265233993530273438e+00
8.248804092407226562e+00
8.241915702819824219e+00
8.241633415222167969e+00
8.238486289978027344e+00
8.243199348449707031e+00
8.242708206176757812e+00
8.239158630371093750e+00
8.250077247619628906e+00
8.260074615478515625e+00
8.282596588134765625e+00
8.298735618591308594e+00
8.310102462768554688e+00
8.317390441894531250e+00
8.326628684997558594e+00
8.341676712036132812e+00
8.361185073852539062e+00
8.381864547729492188e+00
8.404108047485351562e+00
8.414124488830566406e+00
8.405296325683593750e+00
8.388087272644042969e+00
8.360572814941406250e+00
8.336918830871582031e+00
8.328536033630371094e+00
8.333740234375000000e+00
8.354094505310058594e+00
8.358398437500000000e+00
8.340324401855468750e+00
8.310801506042480469e+00
8.271778106689453125e+00
8.241776466369628906e+00
8.244798660278320312e+00
8.275646209716796875e+00
8.317357063293457031e+00
8.344797134399414062e+00
8.344447135925292969e+00
8.327146530151367188e+00
8.294075965881347656e+00
8.277431488037109375e+00
8.282996177673339844e+00
8.299076080322265625e+00
8.304967880249023438e+00
8.302696228027343750e+00
8.302865028381347656e+00
8.306500434875488281e+00
8.299662590026855469e+00
8.288297653198242188e+00
8.277930259704589844e+00
8.273329734802246094e+00
8.293355941772460938e+00
8.318917274475097656e+00
8.331208229064941406e+00
8.319277763366699219e+00
8.315864562988281250e+00
8.333983421325683594e+00
8.361158370971679688e+00
8.374698638916015625e+00
8.372244834899902344e+00
8.354930877685546875e+00
8.340404510498046875e+00
8.319322586059570312e+00
8.304125785827636719e+00
8.310204505920410156e+00
8.324959754943847656e+00
8.338653564453125000e+00
8.344559669494628906e+00
8.329298019409179688e+00
8.295626640319824219e+00
