-1.108163528442382812e+02
-1.105163574218750000e+02
-1.102175292968750000e+02
-1.099184799194335938e+02
-1.096178512573242188e+02
-1.093157272338867188e+02
-1.090124282836914062e+02
-1.087081146240234375e+02
-1.084047470092773438e+02
-1.081019363403320312e+02
-1.078010940551757812e+02
-1.075027770996093750e+02
-1.072071228027343750e+02
-1.069146118164062500e+02
-1.066239013671875000e+02
-1.063348541259765625e+02
-1.060452117919921875e+02
-1.057547378540039062e+02
-1.054631118774414062e+02
-1.051703872680664062e+02
-1.048770599365234375e+02
-1.045828933715820312e+02
-1.042888107299804688e+02
-1.039945068359375000e+02
-1.037005462646484375e+02
-1.034078979492187500e+02
-1.031164398193359375e+02
-1.028268356323242188e+02
-1.025395431518554688e+02
-1.022553787231445312e+02
-1.019719314575195312e+02
-1.016901092529296875e+02
-1.014086685180664062e+02
-1.011256637573242188e+02
-1.008410568237304688e+02
-1.005578384399414062e+02
-1.002760009765625000e+02
-9.999662780761718750e+01
-9.972077178955078125e+01
-9.944507598876953125e+01
-9.916798400878906250e+01
-9.889445495605468750e+01
-9.862200164794921875e+01
-9.834931945800781250e+01
-9.807836914062500000e+01
-9.780877685546875000e+01
-9.754159545898437500e+01
-9.727642059326171875e+01
-9.701448822021484375e+01
-9.675177764892578125e+01
-9.649185180664062500e+01
-9.623366546630859375e+01
-9.597949218750000000e+01
-9.572680664062500000e+01
-9.547832489013671875e+01
-9.523084259033203125e+01
-9.498527526855468750e+01
-9.474118041992187500e+01
-9.450019073486328125e+01
-9.426071166992187500e+01
-9.402398681640625000e+01
-9.378977966308593750e+01
-9.355835723876953125e+01
-9.332900238037109375e+01
-9.310043334960937500e+01
-9.287492370605468750e+01
-9.265273284912109375e+01
-9.243315124511718750e+01
-9.221413421630859375e+01
-9.199954223632812500e+01
-9.178981018066406250e+01
-9.158190917968750000e+01
-9.137770843505859375e+01
-9.117905426025390625e+01
-9.098291015625000000e+01
-9.078763580322265625e+01
-9.059540557861328125e+01
-9.040487670898437500e+01
-9.021768951416015625e+01
-9.003383636474609375e+01
-8.985012054443359375e+01
-8.966770935058593750e+01
-8.948990631103515625e+01
-8.931225585937500000e+01
-8.913942718505859375e+01
-8.897000885009765625e+01
-8.880429840087890625e+01
-8.864009094238281250e+01
-8.847960662841796875e+01
-8.832449340820312500e+01
-8.817525482177734375e+01
-8.802993011474609375e+01
-8.788602447509765625e+01
-8.774376678466796875e+01
-8.760545349121093750e+01
-8.747081756591796875e+01
-8.733809661865234375e+01
-8.721032714843750000e+01
-8.708487701416015625e+01
-8.696416473388671875e+01
-8.684605407714843750e+01
-8.672888946533203125e+01
-8.661120605468750000e+01
-8.649514007568359375e+01
-8.638207244873046875e+01
-8.627475738525390625e+01
-8.616800689697265625e+01
-8.606794738769531250e+01
-8.597093963623046875e+01
-8.587302398681640625e+01
-8.577481079101562500e+01
-8.567544555664062500e+01
-8.557745361328125000e+01
-8.548440551757812500e+01
-8.539467620849609375e+01
-8.530397796630859375e+01
-8.521660614013671875e+01
-8.513314819335937500e+01
-8.505334472656250000e+01
-8.497225189208984375e+01
-8.489510345458984375e+01
-8.481919097900390625e+01
-8.474505615234375000e+01
-8.467344665527343750e+01
-8.460768890380859375e+01
-8.454191589355468750e+01
-8.447967529296875000e+01
-8.442272186279296875e+01
-8.436830139160156250e+01
-8.431282806396484375e+01
-8.426120758056640625e+01
-8.421458435058593750e+01
-8.416674041748046875e+01
-8.412629699707031250e+01
-8.408480834960937500e+01
-8.404583740234375000e+01
-8.400773620605468750e+01
-8.397097778320312500e+01
-8.393256378173828125e+01
-8.389505004882812500e+01
-8.385976409912109375e+01
-8.383131408691406250e+01
-8.380374145507812500e+01
-8.377770996093750000e+01
-8.375083160400390625e+01
-8.372731018066406250e+01
-8.370953369140625000e+01
-8.369062805175781250e+01
-8.366537475585937500e+01
-8.363927459716796875e+01
-8.361511993408203125e+01
-8.358882904052734375e+01
-8.356645965576171875e+01
-8.353952789306640625e+01
-8.351325988769531250e+01
-8.348712158203125000e+01
-8.346289062500000000e+01
-8.343504333496093750e+01
-8.341273498535156250e+01
-8.338491821289062500e+01
-8.336357879638671875e+01
-8.334198760986328125e+01
-8.332181549072265625e+01
-8.330001831054687500e+01
-8.327663421630859375e+01
-8.325232696533203125e+01
-8.322743225097656250e+01
-8.320278167724609375e+01
-8.317961120605468750e+01
-8.316007995605468750e+01
-8.314318084716796875e+01
-8.312737274169921875e+01
-8.311279296875000000e+01
-8.309222412109375000e+01
-8.307470703125000000e+01
-8.306128692626953125e+01
-8.305010223388671875e+01
-8.304214477539062500e+01
-8.303465270996093750e+01
-8.302882385253906250e+01
-8.301873016357421875e+01
-8.300782775878906250e+01
-8.299401092529296875e+01
-8.298287200927734375e+01
-8.297585296630859375e+01
-8.296880340576171875e+01
-8.296328735351562500e+01
-8.295853424072265625e+01
-8.295580291748046875e+01
-8.295168304443359375e+01
-8.294816589355468750e+01
-8.294499969482421875e+01
-8.294199371337890625e+01
-8.294158935546875000e+01
-8.293907928466796875e+01
-8.293737792968750000e+01
-8.293672943115234375e+01
-8.293819427490234375e+01
-8.293858337402343750e+01
-8.293778991699218750e+01
