2.769999999999999929e+01 1.705999999999999872e+01 1.978000000000000114e+01 1.978000000000000114e+01 1.646000000000000085e+01 3.603999999999999915e+01 1.518999999999999950e+01 2.503999999999999915e+01 3.917999999999999972e+01
2.051999999999999957e+01 1.264000000000000057e+01 1.465000000000000036e+01 1.465000000000000036e+01 1.218999999999999950e+01 4.864999999999999858e+01 1.125999999999999979e+01 1.855000000000000071e+01 2.901999999999999957e+01
1.571000000000000085e+01 9.380000000000000782e+00 1.144999999999999929e+01 1.181000000000000050e+01 9.599999999999999645e+00 4.022999999999999687e+01 8.769999999999999574e+00 1.657000000000000028e+01 2.210000000000000142e+01
1.260999999999999943e+01 7.459999999999999964e+00 8.900000000000000355e+00 9.949999999999999289e+00 7.709999999999999964e+00 3.370000000000000284e+01 6.719999999999999751e+00 1.358000000000000007e+01 1.782000000000000028e+01
1.052999999999999936e+01 6.209999999999999964e+00 6.959999999999999964e+00 8.539999999999999147e+00 6.400000000000000355e+00 3.105000000000000071e+01 6.559999999999999609e+00 1.118999999999999950e+01 1.435999999999999943e+01
9.220000000000000639e+00 5.450000000000000178e+00 5.660000000000000142e+00 7.750000000000000000e+00 5.740000000000000213e+00 3.128000000000000114e+01 6.330000000000000071e+00 9.009999999999999787e+00 1.310999999999999943e+01
8.279999999999999361e+00 4.929999999999999716e+00 4.730000000000000426e+00 7.139999999999999680e+00 5.349999999999999645e+00 3.267000000000000171e+01 6.809999999999999609e+00 7.429999999999999716e+00 1.316000000000000014e+01
7.769999999999999574e+00 4.469999999999999751e+00 4.169999999999999929e+00 6.780000000000000249e+00 4.870000000000000107e+00 3.390999999999999659e+01 7.429999999999999716e+00 6.309999999999999609e+00 1.375999999999999979e+01
7.339999999999999858e+00 4.240000000000000213e+00 3.689999999999999947e+00 6.769999999999999574e+00 4.509999999999999787e+00 3.478999999999999915e+01 7.650000000000000355e+00 5.469999999999999751e+00 1.424000000000000021e+01
7.019999999999999574e+00 4.160000000000000142e+00 3.339999999999999858e+00 6.719999999999999751e+00 4.219999999999999751e+00 3.861999999999999744e+01 8.060000000000000497e+00 4.950000000000000178e+00 1.501999999999999957e+01
6.879999999999999893e+00 4.150000000000000355e+00 3.089999999999999858e+00 6.549999999999999822e+00 4.009999999999999787e+00 4.328999999999999915e+01 8.789999999999999147e+00 4.490000000000000213e+00 1.575999999999999979e+01
6.889999999999999680e+00 4.110000000000000320e+00 2.810000000000000053e+00 6.500000000000000000e+00 3.830000000000000071e+00 5.045000000000000284e+01 9.060000000000000497e+00 4.160000000000000142e+00 1.637000000000000099e+01
6.990000000000000213e+00 4.080000000000000071e+00 2.649999999999999911e+00 6.309999999999999609e+00 3.740000000000000213e+00 6.009000000000000341e+01 9.880000000000000782e+00 3.890000000000000124e+00 1.680000000000000071e+01
6.969999999999999751e+00 4.080000000000000071e+00 2.529999999999999805e+00 6.179999999999999716e+00 3.620000000000000107e+00 7.290000000000000568e+01 1.056000000000000050e+01 3.660000000000000142e+00 1.737000000000000099e+01
6.919999999999999929e+00 4.070000000000000284e+00 2.439999999999999947e+00 6.059999999999999609e+00 3.520000000000000018e+00 7.425000000000000000e+01 1.150000000000000000e+01 3.410000000000000142e+00 1.832000000000000028e+01
6.929999999999999716e+00 4.049999999999999822e+00 2.350000000000000089e+00 5.809999999999999609e+00 3.390000000000000124e+00 7.426000000000000512e+01 1.138000000000000078e+01 3.240000000000000213e+00 1.880000000000000071e+01
6.990000000000000213e+00 4.049999999999999822e+00 2.279999999999999805e+00 5.629999999999999893e+00 3.330000000000000071e+00 7.131999999999999318e+01 1.142999999999999972e+01 3.100000000000000089e+00 1.912999999999999901e+01
7.009999999999999787e+00 4.009999999999999787e+00 2.220000000000000195e+00 5.360000000000000320e+00 3.270000000000000018e+00 6.529999999999999716e+01 1.191999999999999993e+01 2.970000000000000195e+00 2.033999999999999986e+01
7.070000000000000284e+00 3.930000000000000160e+00 2.200000000000000178e+00 5.110000000000000320e+00 3.209999999999999964e+00 5.896999999999999886e+01 1.271000000000000085e+01 2.819999999999999840e+00 2.219000000000000128e+01
7.120000000000000107e+00 3.850000000000000089e+00 2.169999999999999929e+00 4.849999999999999645e+00 3.120000000000000107e+00 5.393999999999999773e+01 1.315000000000000036e+01 2.680000000000000160e+00 2.380000000000000071e+01
7.209999999999999964e+00 3.870000000000000107e+00 2.180000000000000160e+00 4.679999999999999716e+00 3.029999999999999805e+00 5.024000000000000199e+01 1.306000000000000050e+01 2.560000000000000053e+00 2.466000000000000014e+01
7.330000000000000071e+00 3.899999999999999911e+00 2.189999999999999947e+00 4.580000000000000071e+00 2.939999999999999947e+00 4.674000000000000199e+01 1.355000000000000071e+01 2.459999999999999964e+00 2.587000000000000099e+01
7.480000000000000426e+00 3.870000000000000107e+00 2.180000000000000160e+00 4.580000000000000071e+00 2.879999999999999893e+00 4.545000000000000284e+01 1.340000000000000036e+01 2.359999999999999876e+00 2.657999999999999829e+01
7.809999999999999609e+00 3.830000000000000071e+00 2.160000000000000142e+00 4.570000000000000284e+00 2.779999999999999805e+00 4.334000000000000341e+01 1.357000000000000028e+01 2.270000000000000018e+00 2.728999999999999915e+01
8.189999999999999503e+00 3.819999999999999840e+00 2.120000000000000107e+00 4.540000000000000036e+00 2.700000000000000178e+00 4.206000000000000227e+01 1.383000000000000007e+01 2.200000000000000178e+00 2.910000000000000142e+01
8.660000000000000142e+00 3.779999999999999805e+00 2.100000000000000089e+00 4.580000000000000071e+00 2.609999999999999876e+00 4.109000000000000341e+01 1.450000000000000000e+01 2.140000000000000124e+00 3.148999999999999844e+01
9.220000000000000639e+00 3.779999999999999805e+00 2.100000000000000089e+00 4.589999999999999858e+00 2.540000000000000036e+00 4.150000000000000000e+01 1.441999999999999993e+01 2.100000000000000089e+00 3.522999999999999687e+01
9.919999999999999929e+00 3.740000000000000213e+00 2.140000000000000124e+00 4.660000000000000142e+00 2.490000000000000213e+00 4.034000000000000341e+01 1.489000000000000057e+01 2.040000000000000036e+00 4.222999999999999687e+01
1.071000000000000085e+01 3.750000000000000000e+00 2.160000000000000142e+00 4.700000000000000178e+00 2.459999999999999964e+00 3.878000000000000114e+01 1.489000000000000057e+01 1.989999999999999991e+00 5.338000000000000256e+01
1.144999999999999929e+01 3.759999999999999787e+00 2.209999999999999964e+00 4.719999999999999751e+00 2.450000000000000178e+00 3.754999999999999716e+01 1.593999999999999950e+01 1.919999999999999929e+00 6.487999999999999545e+01
1.226999999999999957e+01 3.720000000000000195e+00 2.250000000000000000e+00 4.620000000000000107e+00 2.430000000000000160e+00 3.728999999999999915e+01 1.819999999999999929e+01 1.860000000000000098e+00 7.923000000000000398e+01
1.301999999999999957e+01 3.729999999999999982e+00 2.299999999999999822e+00 4.490000000000000213e+00 2.399999999999999911e+00 3.750000000000000000e+01 2.073999999999999844e+01 1.820000000000000062e+00 9.817000000000000171e+01
1.369999999999999929e+01 3.729999999999999982e+00 2.350000000000000089e+00 4.330000000000000071e+00 2.390000000000000124e+00 3.707999999999999829e+01 2.264000000000000057e+01 1.790000000000000036e+00 1.184399999999999977e+02
1.407000000000000028e+01 3.700000000000000178e+00 2.390000000000000124e+00 4.190000000000000391e+00 2.379999999999999893e+00 3.592999999999999972e+01 2.423000000000000043e+01 1.760000000000000009e+00 1.105499999999999972e+02
1.416000000000000014e+01 3.689999999999999947e+00 2.439999999999999947e+00 4.000000000000000000e+00 2.339999999999999858e+00 3.470000000000000284e+01 2.496000000000000085e+01 1.719999999999999973e+00 9.567000000000000171e+01
1.441000000000000014e+01 3.740000000000000213e+00 2.490000000000000213e+00 3.870000000000000107e+00 2.319999999999999840e+00 3.317999999999999972e+01 2.571999999999999886e+01 1.679999999999999938e+00 8.168000000000000682e+01
1.464000000000000057e+01 3.759999999999999787e+00 2.540000000000000036e+00 3.790000000000000036e+00 2.299999999999999822e+00 3.218999999999999773e+01 2.928999999999999915e+01 1.649999999999999911e+00 7.184999999999999432e+01
1.486999999999999922e+01 3.750000000000000000e+00 2.529999999999999805e+00 3.709999999999999964e+00 2.299999999999999822e+00 3.112999999999999901e+01 3.133999999999999986e+01 1.620000000000000107e+00 6.820999999999999375e+01
1.536999999999999922e+01 3.680000000000000160e+00 2.509999999999999787e+00 3.640000000000000124e+00 2.330000000000000071e+00 3.087000000000000099e+01 3.521999999999999886e+01 1.610000000000000098e+00 6.689000000000000057e+01
1.639000000000000057e+01 3.600000000000000089e+00 2.509999999999999787e+00 3.609999999999999876e+00 2.359999999999999876e+00 3.055999999999999872e+01 3.917999999999999972e+01 1.590000000000000080e+00 6.700000000000000000e+01
1.757999999999999829e+01 3.500000000000000000e+00 2.490000000000000213e+00 3.620000000000000107e+00 2.410000000000000142e+00 3.069000000000000128e+01 4.514999999999999858e+01 1.570000000000000062e+00 6.920000000000000284e+01
1.892999999999999972e+01 3.370000000000000107e+00 2.459999999999999964e+00 3.600000000000000089e+00 2.459999999999999964e+00 3.073000000000000043e+01 5.163000000000000256e+01 1.550000000000000044e+00 7.134999999999999432e+01
1.989000000000000057e+01 3.240000000000000213e+00 2.390000000000000124e+00 3.620000000000000107e+00 2.520000000000000018e+00 3.075000000000000000e+01 5.720000000000000284e+01 1.520000000000000018e+00 7.292000000000000171e+01
1.976000000000000156e+01 3.129999999999999893e+00 2.359999999999999876e+00 3.609999999999999876e+00 2.589999999999999858e+00 3.044000000000000128e+01 6.100000000000000000e+01 1.489999999999999991e+00 7.573000000000000398e+01
1.862000000000000099e+01 3.040000000000000036e+00 2.279999999999999805e+00 3.640000000000000124e+00 2.620000000000000107e+00 3.032000000000000028e+01 5.889000000000000057e+01 1.439999999999999947e+00 7.532999999999999829e+01
1.719000000000000128e+01 2.970000000000000195e+00 2.209999999999999964e+00 3.629999999999999893e+00 2.660000000000000142e+00 3.135999999999999943e+01 4.967999999999999972e+01 1.409999999999999920e+00 7.642000000000000171e+01
1.583000000000000007e+01 2.879999999999999893e+00 2.160000000000000142e+00 3.600000000000000089e+00 2.720000000000000195e+00 3.260000000000000142e+01 4.313000000000000256e+01 1.389999999999999902e+00 7.926000000000000512e+01
1.460999999999999943e+01 2.799999999999999822e+00 2.100000000000000089e+00 3.520000000000000018e+00 2.770000000000000018e+00 3.409000000000000341e+01 3.678999999999999915e+01 1.379999999999999893e+00 8.545999999999999375e+01
1.382000000000000028e+01 2.740000000000000213e+00 2.009999999999999787e+00 3.470000000000000195e+00 2.830000000000000071e+00 3.570000000000000284e+01 3.314000000000000057e+01 1.370000000000000107e+00 9.459000000000000341e+01
1.328999999999999915e+01 2.669999999999999929e+00 1.939999999999999947e+00 3.470000000000000195e+00 2.859999999999999876e+00 3.692999999999999972e+01 3.128999999999999915e+01 1.360000000000000098e+00 1.124200000000000017e+02
1.276999999999999957e+01 2.609999999999999876e+00 1.860000000000000098e+00 3.490000000000000213e+00 2.899999999999999911e+00 3.818999999999999773e+01 3.066000000000000014e+01 1.350000000000000089e+00 1.309000000000000057e+02
1.216999999999999993e+01 2.529999999999999805e+00 1.800000000000000044e+00 3.490000000000000213e+00 2.919999999999999929e+00 3.725000000000000000e+01 2.912000000000000099e+01 1.350000000000000089e+00 1.348400000000000034e+02
1.164000000000000057e+01 2.459999999999999964e+00 1.739999999999999991e+00 3.500000000000000000e+00 2.959999999999999964e+00 3.528999999999999915e+01 2.669000000000000128e+01 1.340000000000000080e+00 1.282100000000000080e+02
1.130000000000000071e+01 2.399999999999999911e+00 1.689999999999999947e+00 3.529999999999999805e+00 2.979999999999999982e+00 3.271000000000000085e+01 2.430000000000000071e+01 1.340000000000000080e+00 1.140100000000000051e+02
1.090000000000000036e+01 2.339999999999999858e+00 1.639999999999999902e+00 3.589999999999999858e+00 3.000000000000000000e+00 3.080999999999999872e+01 2.185999999999999943e+01 1.340000000000000080e+00 1.036800000000000068e+02
1.080000000000000071e+01 2.310000000000000053e+00 1.590000000000000080e+00 3.649999999999999911e+00 2.979999999999999982e+00 2.898999999999999844e+01 2.001000000000000156e+01 1.340000000000000080e+00 9.657999999999999829e+01
1.081000000000000050e+01 2.270000000000000018e+00 1.550000000000000044e+00 3.689999999999999947e+00 2.970000000000000195e+00 2.789000000000000057e+01 1.875000000000000000e+01 1.340000000000000080e+00 9.521999999999999886e+01
1.086999999999999922e+01 2.229999999999999982e+00 1.500000000000000000e+00 3.700000000000000178e+00 3.000000000000000000e+00 2.710000000000000142e+01 1.780000000000000071e+01 1.330000000000000071e+00 9.665000000000000568e+01
1.091000000000000014e+01 2.200000000000000178e+00 1.459999999999999964e+00 3.720000000000000195e+00 3.009999999999999787e+00 2.632999999999999829e+01 1.701999999999999957e+01 1.330000000000000071e+00 1.033299999999999983e+02
1.100999999999999979e+01 2.160000000000000142e+00 1.409999999999999920e+00 3.759999999999999787e+00 3.020000000000000018e+00 2.537999999999999901e+01 1.626000000000000156e+01 1.320000000000000062e+00 1.111899999999999977e+02
1.106000000000000050e+01 2.129999999999999893e+00 1.370000000000000107e+00 3.799999999999999822e+00 3.040000000000000036e+00 2.464000000000000057e+01 1.542999999999999972e+01 1.310000000000000053e+00 1.164500000000000028e+02
1.115000000000000036e+01 2.100000000000000089e+00 1.340000000000000080e+00 3.870000000000000107e+00 3.109999999999999876e+00 2.351999999999999957e+01 1.446000000000000085e+01 1.290000000000000036e+00 1.090600000000000023e+02
1.119999999999999929e+01 2.060000000000000053e+00 1.320000000000000062e+00 3.950000000000000178e+00 3.129999999999999893e+00 2.235000000000000142e+01 1.372000000000000064e+01 1.270000000000000018e+00 1.057300000000000040e+02
1.109999999999999964e+01 2.020000000000000018e+00 1.290000000000000036e+00 4.000000000000000000e+00 3.180000000000000160e+00 2.116000000000000014e+01 1.321000000000000085e+01 1.250000000000000000e+00 9.804999999999999716e+01
1.097000000000000064e+01 1.979999999999999982e+00 1.260000000000000009e+00 4.049999999999999822e+00 3.209999999999999964e+00 2.046999999999999886e+01 1.271000000000000085e+01 1.229999999999999982e+00 9.087000000000000455e+01
1.089000000000000057e+01 1.949999999999999956e+00 1.239999999999999991e+00 4.110000000000000320e+00 3.180000000000000160e+00 1.964000000000000057e+01 1.227999999999999936e+01 1.209999999999999964e+00 8.534000000000000341e+01
1.085999999999999943e+01 1.909999999999999920e+00 1.229999999999999982e+00 4.120000000000000107e+00 3.149999999999999911e+00 1.910999999999999943e+01 1.205000000000000071e+01 1.189999999999999947e+00 8.231000000000000227e+01
1.108000000000000007e+01 1.889999999999999902e+00 1.219999999999999973e+00 4.160000000000000142e+00 3.120000000000000107e+00 1.862000000000000099e+01 1.183999999999999986e+01 1.169999999999999929e+00 8.256000000000000227e+01
1.141000000000000014e+01 1.870000000000000107e+00 1.209999999999999964e+00 4.150000000000000355e+00 3.109999999999999876e+00 1.837000000000000099e+01 1.171000000000000085e+01 1.159999999999999920e+00 8.501000000000000512e+01
1.172000000000000064e+01 1.850000000000000089e+00 1.189999999999999947e+00 4.190000000000000391e+00 3.120000000000000107e+00 1.830000000000000071e+01 1.149000000000000021e+01 1.149999999999999911e+00 8.956000000000000227e+01
1.199000000000000021e+01 1.850000000000000089e+00 1.169999999999999929e+00 4.150000000000000355e+00 3.129999999999999893e+00 1.817999999999999972e+01 1.127999999999999936e+01 1.139999999999999902e+00 9.773000000000000398e+01
1.223000000000000043e+01 1.850000000000000089e+00 1.139999999999999902e+00 4.099999999999999645e+00 3.149999999999999911e+00 1.796000000000000085e+01 1.103999999999999915e+01 1.129999999999999893e+00 1.036400000000000006e+02
1.239000000000000057e+01 1.840000000000000080e+00 1.129999999999999893e+00 4.059999999999999609e+00 3.169999999999999929e+00 1.767000000000000171e+01 1.083999999999999986e+01 1.120000000000000107e+00 1.106899999999999977e+02
1.248000000000000043e+01 1.840000000000000080e+00 1.100000000000000089e+00 3.990000000000000213e+00 3.180000000000000160e+00 1.723999999999999844e+01 1.055000000000000071e+01 1.120000000000000107e+00 1.145300000000000011e+02
1.258000000000000007e+01 1.830000000000000071e+00 1.080000000000000071e+00 3.910000000000000142e+00 3.169999999999999929e+00 1.687000000000000099e+01 1.030000000000000071e+01 1.120000000000000107e+00 1.164099999999999966e+02
1.265000000000000036e+01 1.810000000000000053e+00 1.060000000000000053e+00 3.839999999999999858e+00 3.149999999999999911e+00 1.644999999999999929e+01 1.015000000000000036e+01 1.120000000000000107e+00 1.137699999999999960e+02
1.282000000000000028e+01 1.800000000000000044e+00 1.040000000000000036e+00 3.779999999999999805e+00 3.100000000000000089e+00 1.608999999999999986e+01 9.990000000000000213e+00 1.120000000000000107e+00 1.140100000000000051e+02
1.290000000000000036e+01 1.780000000000000027e+00 1.020000000000000018e+00 3.700000000000000178e+00 3.100000000000000089e+00 1.556000000000000050e+01 9.830000000000000071e+00 1.120000000000000107e+00 1.130699999999999932e+02
1.310999999999999943e+01 1.770000000000000018e+00 1.010000000000000009e+00 3.640000000000000124e+00 3.080000000000000071e+00 1.506000000000000050e+01 9.619999999999999218e+00 1.129999999999999893e+00 1.147800000000000011e+02
1.340000000000000036e+01 1.750000000000000000e+00 9.899999999999999911e-01 3.580000000000000071e+00 3.040000000000000036e+00 1.461999999999999922e+01 9.480000000000000426e+00 1.129999999999999893e+00 1.149699999999999989e+02
1.380000000000000071e+01 1.750000000000000000e+00 9.799999999999999822e-01 3.529999999999999805e+00 3.000000000000000000e+00 1.416000000000000014e+01 9.390000000000000568e+00 1.139999999999999902e+00 1.168499999999999943e+02
1.402999999999999936e+01 1.739999999999999991e+00 9.799999999999999822e-01 3.500000000000000000e+00 3.000000000000000000e+00 1.366999999999999993e+01 9.289999999999999147e+00 1.149999999999999911e+00 1.138100000000000023e+02
1.419999999999999929e+01 1.729999999999999982e+00 9.699999999999999734e-01 3.439999999999999947e+00 2.979999999999999982e+00 1.327999999999999936e+01 9.199999999999999289e+00 1.159999999999999920e+00 1.073499999999999943e+02
1.446000000000000085e+01 1.719999999999999973e+00 9.699999999999999734e-01 3.379999999999999893e+00 2.950000000000000178e+00 1.286999999999999922e+01 9.199999999999999289e+00 1.159999999999999920e+00 1.036899999999999977e+02
1.475000000000000000e+01 1.719999999999999973e+00 9.699999999999999734e-01 3.310000000000000053e+00 2.879999999999999893e+00 1.253999999999999915e+01 9.140000000000000568e+00 1.169999999999999929e+00 1.027999999999999972e+02
1.489000000000000057e+01 1.709999999999999964e+00 9.599999999999999645e-01 3.240000000000000213e+00 2.830000000000000071e+00 1.223000000000000043e+01 9.089999999999999858e+00 1.179999999999999938e+00 1.038499999999999943e+02
1.482000000000000028e+01 1.709999999999999964e+00 9.599999999999999645e-01 3.160000000000000142e+00 2.770000000000000018e+00 1.191000000000000014e+01 9.029999999999999361e+00 1.179999999999999938e+00 1.046700000000000017e+02
1.452999999999999936e+01 1.699999999999999956e+00 9.499999999999999556e-01 3.109999999999999876e+00 2.720000000000000195e+00 1.158999999999999986e+01 8.900000000000000355e+00 1.189999999999999947e+00 1.047099999999999937e+02
1.408000000000000007e+01 1.689999999999999947e+00 9.499999999999999556e-01 3.060000000000000053e+00 2.660000000000000142e+00 1.133000000000000007e+01 8.789999999999999147e+00 1.199999999999999956e+00 1.032199999999999989e+02
1.356000000000000050e+01 1.679999999999999938e+00 9.399999999999999467e-01 3.029999999999999805e+00 2.600000000000000089e+00 1.113000000000000078e+01 8.720000000000000639e+00 1.209999999999999964e+00 1.027900000000000063e+02
1.311999999999999922e+01 1.669999999999999929e+00 9.399999999999999467e-01 2.990000000000000213e+00 2.549999999999999822e+00 1.096000000000000085e+01 8.640000000000000568e+00 1.209999999999999964e+00 1.035000000000000000e+02
1.260999999999999943e+01 1.659999999999999920e+00 9.300000000000000488e-01 2.970000000000000195e+00 2.509999999999999787e+00 1.082000000000000028e+01 8.500000000000000000e+00 1.219999999999999973e+00 1.020999999999999943e+02
1.221000000000000085e+01 1.649999999999999911e+00 9.300000000000000488e-01 2.959999999999999964e+00 2.470000000000000195e+00 1.072000000000000064e+01 8.369999999999999218e+00 1.219999999999999973e+00 1.015000000000000000e+02
1.196000000000000085e+01 1.639999999999999902e+00 9.200000000000000400e-01 2.950000000000000178e+00 2.450000000000000178e+00 1.060999999999999943e+01 8.210000000000000853e+00 1.219999999999999973e+00 1.036200000000000045e+02
1.191000000000000014e+01 1.639999999999999902e+00 9.200000000000000400e-01 2.959999999999999964e+00 2.399999999999999911e+00 1.048000000000000043e+01 8.160000000000000142e+00 1.219999999999999973e+00 1.042199999999999989e+02
1.189000000000000057e+01 1.639999999999999902e+00 9.200000000000000400e-01 2.959999999999999964e+00 2.370000000000000107e+00 1.034999999999999964e+01 8.099999999999999645e+00 1.219999999999999973e+00 1.065600000000000023e+02
1.191000000000000014e+01 1.639999999999999902e+00 9.200000000000000400e-01 2.930000000000000160e+00 2.339999999999999858e+00 1.021000000000000085e+01 8.039999999999999147e+00 1.229999999999999982e+00 1.084800000000000040e+02
1.189000000000000057e+01 1.629999999999999893e+00 9.200000000000000400e-01 2.910000000000000142e+00 2.319999999999999840e+00 1.010999999999999943e+01 8.019999999999999574e+00 1.229999999999999982e+00 1.103199999999999932e+02
1.188000000000000078e+01 1.629999999999999893e+00 9.200000000000000400e-01 2.870000000000000107e+00 2.299999999999999822e+00 1.000000000000000000e+01 8.050000000000000711e+00 1.229999999999999982e+00 1.111899999999999977e+02
1.174000000000000021e+01 1.620000000000000107e+00 9.100000000000000311e-01 2.830000000000000071e+00 2.279999999999999805e+00 9.880000000000000782e+00 8.099999999999999645e+00 1.239999999999999991e+00 1.078799999999999955e+02
1.164000000000000057e+01 1.610000000000000098e+00 9.100000000000000311e-01 2.779999999999999805e+00 2.240000000000000213e+00 9.800000000000000711e+00 8.189999999999999503e+00 1.239999999999999991e+00 1.051599999999999966e+02
1.152999999999999936e+01 1.610000000000000098e+00 9.100000000000000311e-01 2.720000000000000195e+00 2.209999999999999964e+00 9.759999999999999787e+00 8.250000000000000000e+00 1.239999999999999991e+00 1.034500000000000028e+02
1.151999999999999957e+01 1.600000000000000089e+00 9.000000000000000222e-01 2.640000000000000124e+00 2.189999999999999947e+00 9.679999999999999716e+00 8.320000000000000284e+00 1.250000000000000000e+00 1.001700000000000017e+02
1.158999999999999986e+01 1.600000000000000089e+00 9.000000000000000222e-01 2.569999999999999840e+00 2.169999999999999929e+00 9.630000000000000782e+00 8.419999999999999929e+00 1.270000000000000018e+00 9.906999999999999318e+01
1.175999999999999979e+01 1.590000000000000080e+00 9.000000000000000222e-01 2.500000000000000000e+00 2.160000000000000142e+00 9.589999999999999858e+00 8.539999999999999147e+00 1.280000000000000027e+00 1.006500000000000057e+02
1.199000000000000021e+01 1.590000000000000080e+00 8.900000000000000133e-01 2.439999999999999947e+00 2.140000000000000124e+00 9.529999999999999361e+00 8.640000000000000568e+00 1.280000000000000027e+00 1.031400000000000006e+02
1.221000000000000085e+01 1.580000000000000071e+00 8.900000000000000133e-01 2.390000000000000124e+00 2.129999999999999893e+00 9.490000000000000213e+00 8.710000000000000853e+00 1.290000000000000036e+00 1.062099999999999937e+02
1.243999999999999950e+01 1.570000000000000062e+00 8.800000000000000044e-01 2.339999999999999858e+00 2.120000000000000107e+00 9.449999999999999289e+00 8.779999999999999361e+00 1.300000000000000044e+00 1.109699999999999989e+02
1.258999999999999986e+01 1.570000000000000062e+00 8.699999999999999956e-01 2.299999999999999822e+00 2.120000000000000107e+00 9.460000000000000853e+00 8.830000000000000071e+00 1.300000000000000044e+00 1.151899999999999977e+02
1.275000000000000000e+01 1.570000000000000062e+00 8.699999999999999956e-01 2.259999999999999787e+00 2.100000000000000089e+00 9.460000000000000853e+00 8.910000000000000142e+00 1.310000000000000053e+00 1.187600000000000051e+02
1.283000000000000007e+01 1.560000000000000053e+00 8.599999999999999867e-01 2.220000000000000195e+00 2.100000000000000089e+00 9.449999999999999289e+00 9.039999999999999147e+00 1.320000000000000062e+00 1.167300000000000040e+02
1.288000000000000078e+01 1.550000000000000044e+00 8.599999999999999867e-01 2.180000000000000160e+00 2.080000000000000071e+00 9.400000000000000355e+00 9.210000000000000853e+00 1.340000000000000080e+00 1.122099999999999937e+02
1.296000000000000085e+01 1.540000000000000036e+00 8.599999999999999867e-01 2.140000000000000124e+00 2.060000000000000053e+00 9.369999999999999218e+00 9.300000000000000711e+00 1.340000000000000080e+00 1.060699999999999932e+02
1.308000000000000007e+01 1.530000000000000027e+00 8.499999999999999778e-01 2.100000000000000089e+00 2.060000000000000053e+00 9.330000000000000071e+00 9.390000000000000568e+00 1.350000000000000089e+00 1.037900000000000063e+02
1.333000000000000007e+01 1.530000000000000027e+00 8.499999999999999778e-01 2.060000000000000053e+00 2.060000000000000053e+00 9.259999999999999787e+00 9.369999999999999218e+00 1.360000000000000098e+00 1.041299999999999955e+02
1.360999999999999943e+01 1.520000000000000018e+00 8.499999999999999778e-01 2.020000000000000018e+00 2.060000000000000053e+00 9.199999999999999289e+00 9.300000000000000711e+00 1.379999999999999893e+00 1.046599999999999966e+02
1.388000000000000078e+01 1.510000000000000009e+00 8.399999999999999689e-01 1.979999999999999982e+00 2.080000000000000071e+00 9.160000000000000142e+00 9.199999999999999289e+00 1.399999999999999911e+00 1.067000000000000028e+02
1.403999999999999915e+01 1.510000000000000009e+00 8.399999999999999689e-01 1.959999999999999964e+00 2.100000000000000089e+00 9.099999999999999645e+00 9.070000000000000284e+00 1.419999999999999929e+00 1.065999999999999943e+02
1.405000000000000071e+01 1.500000000000000000e+00 8.299999999999999600e-01 1.929999999999999938e+00 2.120000000000000107e+00 9.029999999999999361e+00 8.890000000000000568e+00 1.439999999999999947e+00 1.045300000000000011e+02
1.400000000000000000e+01 1.500000000000000000e+00 8.299999999999999600e-01 1.909999999999999920e+00 2.149999999999999911e+00 8.970000000000000639e+00 8.730000000000000426e+00 1.459999999999999964e+00 1.042399999999999949e+02
1.377999999999999936e+01 1.500000000000000000e+00 8.199999999999999512e-01 1.870000000000000107e+00 2.169999999999999929e+00 8.980000000000000426e+00 8.640000000000000568e+00 1.479999999999999982e+00 1.047500000000000000e+02
1.353999999999999915e+01 1.489999999999999991e+00 8.199999999999999512e-01 1.840000000000000080e+00 2.180000000000000160e+00 8.960000000000000853e+00 8.539999999999999147e+00 1.500000000000000000e+00 1.045499999999999972e+02
1.328999999999999915e+01 1.489999999999999991e+00 8.199999999999999512e-01 1.820000000000000062e+00 2.189999999999999947e+00 8.919999999999999929e+00 8.439999999999999503e+00 1.540000000000000036e+00 1.056099999999999994e+02
1.303999999999999915e+01 1.489999999999999991e+00 8.100000000000000533e-01 1.790000000000000036e+00 2.180000000000000160e+00 8.849999999999999645e+00 8.410000000000000142e+00 1.570000000000000062e+00 1.068799999999999955e+02
1.282000000000000028e+01 1.489999999999999991e+00 8.000000000000000444e-01 1.770000000000000018e+00 2.169999999999999929e+00 8.820000000000000284e+00 8.369999999999999218e+00 1.600000000000000089e+00 1.078299999999999983e+02
1.261999999999999922e+01 1.489999999999999991e+00 8.000000000000000444e-01 1.750000000000000000e+00 2.140000000000000124e+00 8.779999999999999361e+00 8.320000000000000284e+00 1.629999999999999893e+00 1.086599999999999966e+02
1.250000000000000000e+01 1.489999999999999991e+00 8.000000000000000444e-01 1.729999999999999982e+00 2.109999999999999876e+00 8.740000000000000213e+00 8.279999999999999361e+00 1.659999999999999920e+00 1.078199999999999932e+02
1.250000000000000000e+01 1.489999999999999991e+00 7.900000000000000355e-01 1.729999999999999982e+00 2.089999999999999858e+00 8.699999999999999289e+00 8.269999999999999574e+00 1.689999999999999947e+00 1.083799999999999955e+02
1.243999999999999950e+01 1.489999999999999991e+00 7.900000000000000355e-01 1.729999999999999982e+00 2.069999999999999840e+00 8.699999999999999289e+00 8.250000000000000000e+00 1.729999999999999982e+00 1.052099999999999937e+02
1.241000000000000014e+01 1.489999999999999991e+00 7.900000000000000355e-01 1.729999999999999982e+00 2.040000000000000036e+00 8.679999999999999716e+00 8.230000000000000426e+00 1.750000000000000000e+00 1.044300000000000068e+02
1.240000000000000036e+01 1.479999999999999982e+00 7.800000000000000266e-01 1.719999999999999973e+00 2.009999999999999787e+00 8.699999999999999289e+00 8.240000000000000213e+00 1.790000000000000036e+00 1.048199999999999932e+02
1.242999999999999972e+01 1.479999999999999982e+00 7.800000000000000266e-01 1.719999999999999973e+00 1.969999999999999973e+00 8.679999999999999716e+00 8.210000000000000853e+00 1.820000000000000062e+00 1.045999999999999943e+02
1.241000000000000014e+01 1.479999999999999982e+00 7.800000000000000266e-01 1.709999999999999964e+00 1.939999999999999947e+00 8.689999999999999503e+00 8.080000000000000071e+00 1.840000000000000080e+00 1.043400000000000034e+02
1.241000000000000014e+01 1.479999999999999982e+00 7.800000000000000266e-01 1.709999999999999964e+00 1.909999999999999920e+00 8.740000000000000213e+00 7.910000000000000142e+00 1.850000000000000089e+00 1.032099999999999937e+02
1.246000000000000085e+01 1.479999999999999982e+00 7.800000000000000266e-01 1.699999999999999956e+00 1.889999999999999902e+00 8.820000000000000284e+00 7.799999999999999822e+00 1.860000000000000098e+00 1.035100000000000051e+02
1.256000000000000050e+01 1.479999999999999982e+00 7.800000000000000266e-01 1.689999999999999947e+00 1.870000000000000107e+00 8.910000000000000142e+00 7.669999999999999929e+00 1.870000000000000107e+00 1.063400000000000034e+02
1.259999999999999964e+01 1.479999999999999982e+00 7.700000000000000178e-01 1.679999999999999938e+00 1.850000000000000089e+00 8.960000000000000853e+00 7.559999999999999609e+00 1.879999999999999893e+00 1.069500000000000028e+02
1.258999999999999986e+01 1.479999999999999982e+00 7.600000000000000089e-01 1.689999999999999947e+00 1.840000000000000080e+00 9.009999999999999787e+00 7.490000000000000213e+00 1.899999999999999911e+00 1.077099999999999937e+02
1.253999999999999915e+01 1.479999999999999982e+00 7.600000000000000089e-01 1.679999999999999938e+00 1.820000000000000062e+00 9.019999999999999574e+00 7.429999999999999716e+00 1.909999999999999920e+00 1.087399999999999949e+02
1.242999999999999972e+01 1.479999999999999982e+00 7.500000000000000000e-01 1.679999999999999938e+00 1.810000000000000053e+00 9.039999999999999147e+00 7.299999999999999822e+00 1.909999999999999920e+00 1.097000000000000028e+02
1.233000000000000007e+01 1.479999999999999982e+00 7.399999999999999911e-01 1.679999999999999938e+00 1.800000000000000044e+00 8.970000000000000639e+00 7.190000000000000391e+00 1.939999999999999947e+00 1.102300000000000040e+02
1.226999999999999957e+01 1.479999999999999982e+00 7.399999999999999911e-01 1.679999999999999938e+00 1.800000000000000044e+00 8.880000000000000782e+00 7.089999999999999858e+00 1.949999999999999956e+00 1.110799999999999983e+02
1.230000000000000071e+01 1.489999999999999991e+00 7.299999999999999822e-01 1.689999999999999947e+00 1.810000000000000053e+00 8.820000000000000284e+00 6.990000000000000213e+00 1.979999999999999982e+00 1.135799999999999983e+02
1.241000000000000014e+01 1.489999999999999991e+00 7.299999999999999822e-01 1.689999999999999947e+00 1.820000000000000062e+00 8.789999999999999147e+00 6.889999999999999680e+00 1.979999999999999982e+00 1.149699999999999989e+02
1.259999999999999964e+01 1.489999999999999991e+00 7.299999999999999822e-01 1.689999999999999947e+00 1.820000000000000062e+00 8.789999999999999147e+00 6.799999999999999822e+00 2.009999999999999787e+00 1.149599999999999937e+02
1.274000000000000021e+01 1.489999999999999991e+00 7.299999999999999822e-01 1.689999999999999947e+00 1.830000000000000071e+00 8.759999999999999787e+00 6.750000000000000000e+00 2.020000000000000018e+00 1.130900000000000034e+02
1.289000000000000057e+01 1.479999999999999982e+00 7.299999999999999822e-01 1.679999999999999938e+00 1.820000000000000062e+00 8.720000000000000639e+00 6.660000000000000142e+00 2.029999999999999805e+00 1.100999999999999943e+02
1.308999999999999986e+01 1.479999999999999982e+00 7.299999999999999822e-01 1.679999999999999938e+00 1.820000000000000062e+00 8.650000000000000355e+00 6.570000000000000284e+00 2.029999999999999805e+00 1.093599999999999994e+02
1.333999999999999986e+01 1.479999999999999982e+00 7.299999999999999822e-01 1.669999999999999929e+00 1.820000000000000062e+00 8.560000000000000497e+00 6.440000000000000391e+00 2.040000000000000036e+00 1.084000000000000057e+02
1.343999999999999950e+01 1.469999999999999973e+00 7.299999999999999822e-01 1.659999999999999920e+00 1.810000000000000053e+00 8.460000000000000853e+00 6.330000000000000071e+00 2.040000000000000036e+00 1.076700000000000017e+02
1.351999999999999957e+01 1.459999999999999964e+00 7.199999999999999734e-01 1.649999999999999911e+00 1.790000000000000036e+00 8.310000000000000497e+00 6.240000000000000213e+00 2.029999999999999805e+00 1.053299999999999983e+02
1.350000000000000000e+01 1.459999999999999964e+00 7.199999999999999734e-01 1.639999999999999902e+00 1.790000000000000036e+00 8.160000000000000142e+00 6.179999999999999716e+00 2.020000000000000018e+00 1.034800000000000040e+02
1.348000000000000043e+01 1.449999999999999956e+00 7.199999999999999734e-01 1.629999999999999893e+00 1.780000000000000027e+00 8.019999999999999574e+00 6.169999999999999929e+00 1.989999999999999991e+00 1.039899999999999949e+02
1.342999999999999972e+01 1.449999999999999956e+00 7.199999999999999734e-01 1.629999999999999893e+00 1.770000000000000018e+00 7.889999999999999680e+00 6.160000000000000142e+00 1.979999999999999982e+00 1.020100000000000051e+02
1.333000000000000007e+01 1.449999999999999956e+00 7.199999999999999734e-01 1.629999999999999893e+00 1.760000000000000009e+00 7.790000000000000036e+00 6.190000000000000391e+00 1.949999999999999956e+00 1.011299999999999955e+02
1.323000000000000043e+01 1.439999999999999947e+00 7.099999999999999645e-01 1.610000000000000098e+00 1.739999999999999991e+00 7.690000000000000391e+00 6.209999999999999964e+00 1.929999999999999938e+00 9.917000000000000171e+01
1.316000000000000014e+01 1.439999999999999947e+00 7.099999999999999645e-01 1.600000000000000089e+00 1.719999999999999973e+00 7.599999999999999645e+00 6.230000000000000426e+00 1.929999999999999938e+00 9.885999999999999943e+01
1.313000000000000078e+01 1.439999999999999947e+00 7.099999999999999645e-01 1.590000000000000080e+00 1.699999999999999956e+00 7.509999999999999787e+00 6.269999999999999574e+00 1.929999999999999938e+00 1.035499999999999972e+02
1.307000000000000028e+01 1.429999999999999938e+00 6.999999999999999556e-01 1.580000000000000071e+00 1.669999999999999929e+00 7.419999999999999929e+00 6.240000000000000213e+00 1.929999999999999938e+00 1.073900000000000006e+02
1.286999999999999922e+01 1.429999999999999938e+00 7.099999999999999645e-01 1.570000000000000062e+00 1.649999999999999911e+00 7.339999999999999858e+00 6.190000000000000391e+00 1.929999999999999938e+00 1.103700000000000045e+02
1.263000000000000078e+01 1.419999999999999929e+00 7.099999999999999645e-01 1.560000000000000053e+00 1.620000000000000107e+00 7.269999999999999574e+00 6.110000000000000320e+00 1.919999999999999929e+00 1.115300000000000011e+02
1.238000000000000078e+01 1.419999999999999929e+00 7.099999999999999645e-01 1.560000000000000053e+00 1.600000000000000089e+00 7.219999999999999751e+00 6.030000000000000249e+00 1.909999999999999920e+00 1.120999999999999943e+02
1.223000000000000043e+01 1.409999999999999920e+00 7.099999999999999645e-01 1.560000000000000053e+00 1.580000000000000071e+00 7.169999999999999929e+00 5.929999999999999716e+00 1.889999999999999902e+00 1.123299999999999983e+02
1.215000000000000036e+01 1.399999999999999911e+00 7.099999999999999645e-01 1.560000000000000053e+00 1.550000000000000044e+00 7.120000000000000107e+00 5.839999999999999858e+00 1.870000000000000107e+00 1.152500000000000000e+02
1.211999999999999922e+01 1.399999999999999911e+00 7.099999999999999645e-01 1.560000000000000053e+00 1.530000000000000027e+00 7.089999999999999858e+00 5.759999999999999787e+00 1.850000000000000089e+00 1.182399999999999949e+02
1.221000000000000085e+01 1.399999999999999911e+00 7.099999999999999645e-01 1.570000000000000062e+00 1.500000000000000000e+00 7.009999999999999787e+00 5.679999999999999716e+00 1.830000000000000071e+00 1.204000000000000057e+02
1.231000000000000050e+01 1.399999999999999911e+00 7.099999999999999645e-01 1.580000000000000071e+00 1.479999999999999982e+00 6.950000000000000178e+00 5.620000000000000107e+00 1.800000000000000044e+00 1.186500000000000057e+02
1.243999999999999950e+01 1.399999999999999911e+00 7.099999999999999645e-01 1.580000000000000071e+00 1.479999999999999982e+00 6.940000000000000391e+00 5.589999999999999858e+00 1.760000000000000009e+00 1.142699999999999960e+02
1.265000000000000036e+01 1.399999999999999911e+00 7.099999999999999645e-01 1.590000000000000080e+00 1.469999999999999973e+00 6.959999999999999964e+00 5.549999999999999822e+00 1.709999999999999964e+00 1.099000000000000057e+02
1.290000000000000036e+01 1.399999999999999911e+00 7.099999999999999645e-01 1.600000000000000089e+00 1.459999999999999964e+00 6.980000000000000426e+00 5.540000000000000036e+00 1.659999999999999920e+00 1.072900000000000063e+02
1.317999999999999972e+01 1.399999999999999911e+00 7.099999999999999645e-01 1.600000000000000089e+00 1.459999999999999964e+00 6.969999999999999751e+00 5.490000000000000213e+00 1.600000000000000089e+00 1.040799999999999983e+02
1.341000000000000014e+01 1.399999999999999911e+00 7.099999999999999645e-01 1.610000000000000098e+00 1.439999999999999947e+00 6.950000000000000178e+00 5.459999999999999964e+00 1.550000000000000044e+00 1.007800000000000011e+02
1.351999999999999957e+01 1.399999999999999911e+00 7.099999999999999645e-01 1.610000000000000098e+00 1.429999999999999938e+00 6.929999999999999716e+00 5.429999999999999716e+00 1.510000000000000009e+00 9.662000000000000455e+01
1.364000000000000057e+01 1.399999999999999911e+00 7.099999999999999645e-01 1.610000000000000098e+00 1.429999999999999938e+00 6.910000000000000142e+00 5.400000000000000355e+00 1.459999999999999964e+00 9.456000000000000227e+01
1.363000000000000078e+01 1.389999999999999902e+00 7.099999999999999645e-01 1.610000000000000098e+00 1.419999999999999929e+00 6.849999999999999645e+00 5.349999999999999645e+00 1.419999999999999929e+00 9.445999999999999375e+01
1.353999999999999915e+01 1.389999999999999902e+00 7.099999999999999645e-01 1.610000000000000098e+00 1.419999999999999929e+00 6.809999999999999609e+00 5.339999999999999858e+00 1.389999999999999902e+00 9.539000000000000057e+01
1.334999999999999964e+01 1.379999999999999893e+00 6.999999999999999556e-01 1.600000000000000089e+00 1.419999999999999929e+00 6.790000000000000036e+00 5.309999999999999609e+00 1.360000000000000098e+00 9.684999999999999432e+01
1.316000000000000014e+01 1.379999999999999893e+00 6.999999999999999556e-01 1.600000000000000089e+00 1.429999999999999938e+00 6.790000000000000036e+00 5.259999999999999787e+00 1.330000000000000071e+00 9.765000000000000568e+01
1.289000000000000057e+01 1.370000000000000107e+00 6.999999999999999556e-01 1.580000000000000071e+00 1.429999999999999938e+00 6.799999999999999822e+00 5.200000000000000178e+00 1.310000000000000053e+00 9.803000000000000114e+01
1.263000000000000078e+01 1.370000000000000107e+00 6.999999999999999556e-01 1.570000000000000062e+00 1.439999999999999947e+00 6.809999999999999609e+00 5.150000000000000355e+00 1.290000000000000036e+00 1.027300000000000040e+02
1.242999999999999972e+01 1.370000000000000107e+00 6.999999999999999556e-01 1.560000000000000053e+00 1.449999999999999956e+00 6.799999999999999822e+00 5.120000000000000107e+00 1.260000000000000009e+00 1.105699999999999932e+02
1.216999999999999993e+01 1.360000000000000098e+00 6.999999999999999556e-01 1.540000000000000036e+00 1.449999999999999956e+00 6.790000000000000036e+00 5.089999999999999858e+00 1.250000000000000000e+00 1.127300000000000040e+02
1.200999999999999979e+01 1.360000000000000098e+00 6.899999999999999467e-01 1.540000000000000036e+00 1.449999999999999956e+00 6.780000000000000249e+00 5.059999999999999609e+00 1.229999999999999982e+00 1.129800000000000040e+02
1.186999999999999922e+01 1.360000000000000098e+00 6.899999999999999467e-01 1.530000000000000027e+00 1.459999999999999964e+00 6.750000000000000000e+00 5.019999999999999574e+00 1.229999999999999982e+00 1.115900000000000034e+02
1.177999999999999936e+01 1.360000000000000098e+00 6.899999999999999467e-01 1.520000000000000018e+00 1.469999999999999973e+00 6.709999999999999964e+00 5.009999999999999787e+00 1.219999999999999973e+00 1.080100000000000051e+02
1.176999999999999957e+01 1.360000000000000098e+00 6.899999999999999467e-01 1.500000000000000000e+00 1.479999999999999982e+00 6.679999999999999716e+00 5.009999999999999787e+00 1.219999999999999973e+00 1.050100000000000051e+02
1.185999999999999943e+01 1.370000000000000107e+00 6.899999999999999467e-01 1.500000000000000000e+00 1.489999999999999991e+00 6.639999999999999680e+00 5.000000000000000000e+00 1.199999999999999956e+00 1.013900000000000006e+02
1.202999999999999936e+01 1.370000000000000107e+00 6.800000000000000488e-01 1.489999999999999991e+00 1.500000000000000000e+00 6.580000000000000071e+00 4.990000000000000213e+00 1.189999999999999947e+00 1.021800000000000068e+02
1.226999999999999957e+01 1.370000000000000107e+00 6.800000000000000488e-01 1.479999999999999982e+00 1.510000000000000009e+00 6.549999999999999822e+00 4.980000000000000426e+00 1.179999999999999938e+00 1.041299999999999955e+02
1.250000000000000000e+01 1.379999999999999893e+00 6.800000000000000488e-01 1.469999999999999973e+00 1.520000000000000018e+00 6.530000000000000249e+00 4.980000000000000426e+00 1.169999999999999929e+00 1.052399999999999949e+02
1.257000000000000028e+01 1.379999999999999893e+00 6.700000000000000400e-01 1.459999999999999964e+00 1.530000000000000027e+00 6.490000000000000213e+00 4.990000000000000213e+00 1.149999999999999911e+00 1.054000000000000057e+02
1.259999999999999964e+01 1.379999999999999893e+00 6.700000000000000400e-01 1.449999999999999956e+00 1.540000000000000036e+00 6.459999999999999964e+00 5.009999999999999787e+00 1.139999999999999902e+00 1.056200000000000045e+02
1.250999999999999979e+01 1.389999999999999902e+00 6.700000000000000400e-01 1.439999999999999947e+00 1.550000000000000044e+00 6.400000000000000355e+00 5.030000000000000249e+00 1.120000000000000107e+00 1.027000000000000028e+02
1.241000000000000014e+01 1.389999999999999902e+00 6.700000000000000400e-01 1.429999999999999938e+00 1.560000000000000053e+00 6.339999999999999858e+00 5.040000000000000036e+00 1.120000000000000107e+00 9.943999999999999773e+01
1.238000000000000078e+01 1.389999999999999902e+00 6.700000000000000400e-01 1.419999999999999929e+00 1.560000000000000053e+00 6.299999999999999822e+00 5.009999999999999787e+00 1.120000000000000107e+00 1.010999999999999943e+02
1.240000000000000036e+01 1.399999999999999911e+00 6.600000000000000311e-01 1.409999999999999920e+00 1.570000000000000062e+00 6.259999999999999787e+00 4.950000000000000178e+00 1.120000000000000107e+00 1.027099999999999937e+02
1.250000000000000000e+01 1.399999999999999911e+00 6.600000000000000311e-01 1.399999999999999911e+00 1.580000000000000071e+00 6.200000000000000178e+00 4.889999999999999680e+00 1.120000000000000107e+00 1.096500000000000057e+02
1.264000000000000057e+01 1.409999999999999920e+00 6.600000000000000311e-01 1.389999999999999902e+00 1.600000000000000089e+00 6.179999999999999716e+00 4.830000000000000071e+00 1.120000000000000107e+00 1.173100000000000023e+02
1.281000000000000050e+01 1.409999999999999920e+00 6.600000000000000311e-01 1.379999999999999893e+00 1.610000000000000098e+00 6.129999999999999893e+00 4.759999999999999787e+00 1.120000000000000107e+00 1.265600000000000023e+02
1.283999999999999986e+01 1.419999999999999929e+00 6.600000000000000311e-01 1.379999999999999893e+00 1.639999999999999902e+00 6.089999999999999858e+00 4.679999999999999716e+00 1.120000000000000107e+00 1.187999999999999972e+02
