1.000000000000000000e+01
9.700000762939453125e+00
9.402579307556152344e+00
9.112225532531738281e+00
8.842123985290527344e+00
8.606310844421386719e+00
8.433466911315917969e+00
8.335761070251464844e+00
8.312756538391113281e+00
8.342276573181152344e+00
8.408369064331054688e+00
8.494669914245605469e+00
8.585647583007812500e+00
8.672193527221679688e+00
8.740199089050292969e+00
8.778260231018066406e+00
8.783066749572753906e+00
8.761184692382812500e+00
8.714367866516113281e+00
8.649664878845214844e+00
8.571611404418945312e+00
8.487173080444335938e+00
8.404168128967285156e+00
8.327658653259277344e+00
8.263827323913574219e+00
8.213508605957031250e+00
8.177094459533691406e+00
8.155715942382812500e+00
8.144052505493164062e+00
8.140057563781738281e+00
8.131827354431152344e+00
8.109510421752929688e+00
8.067067146301269531e+00
8.001307487487792969e+00
7.918521881103515625e+00
7.829178810119628906e+00
7.750850677490234375e+00
7.694855690002441406e+00
7.663738250732421875e+00
7.652460575103759766e+00
7.653984069824218750e+00
7.661766052246093750e+00
7.668564319610595703e+00
7.657391548156738281e+00
7.627340316772460938e+00
7.594101905822753906e+00
7.561955928802490234e+00
7.547439098358154297e+00
7.552811145782470703e+00
7.565434455871582031e+00
7.581113338470458984e+00
7.583617210388183594e+00
7.571979522705078125e+00
7.559566974639892578e+00
7.551280975341796875e+00
7.557242870330810547e+00
7.586798667907714844e+00
7.639354705810546875e+00
7.693408966064453125e+00
7.735097885131835938e+00
7.758984565734863281e+00
7.758953094482421875e+00
7.741608142852783203e+00
7.716213703155517578e+00
7.690596103668212891e+00
7.675459384918212891e+00
7.671635150909423828e+00
7.679270744323730469e+00
7.693959712982177734e+00
7.709373950958251953e+00
7.717893123626708984e+00
7.715029239654541016e+00
7.692160129547119141e+00
7.648183345794677734e+00
7.585017204284667969e+00
7.516657829284667969e+00
7.455196857452392578e+00
7.412884235382080078e+00
7.394519329071044922e+00
7.400147438049316406e+00
7.424005508422851562e+00
7.451651096343994141e+00
7.477300167083740234e+00
7.510713100433349609e+00
7.544372081756591797e+00
7.571601867675781250e+00
7.584535598754882812e+00
7.583018302917480469e+00
7.566709995269775391e+00
7.545362949371337891e+00
7.527645587921142578e+00
7.512343883514404297e+00
7.508474349975585938e+00
7.520818233489990234e+00
7.550069332122802734e+00
7.582172870635986328e+00
7.611700534820556641e+00
7.633855819702148438e+00
7.641676425933837891e+00
7.633594036102294922e+00
7.614403724670410156e+00
7.588937759399414062e+00
7.571523666381835938e+00
7.563230037689208984e+00
7.570041656494140625e+00
7.582206726074218750e+00
7.592272281646728516e+00
7.601767539978027344e+00
7.597509384155273438e+00
7.585834026336669922e+00
7.556052207946777344e+00
7.521885871887207031e+00
7.492796897888183594e+00
7.478468418121337891e+00
7.484226703643798828e+00
7.504421234130859375e+00
7.527306079864501953e+00
7.547620773315429688e+00
7.559217929840087891e+00
7.565648555755615234e+00
7.561395645141601562e+00
7.555534839630126953e+00
7.547449111938476562e+00
7.539664268493652344e+00
7.535057067871093750e+00
7.533259391784667969e+00
7.541025161743164062e+00
7.556918621063232422e+00
7.566423416137695312e+00
7.574480533599853516e+00
7.584120273590087891e+00
7.594191551208496094e+00
7.594213008880615234e+00
7.591693401336669922e+00
7.590591907501220703e+00
7.590427398681640625e+00
7.583693981170654297e+00
7.569293498992919922e+00
7.556908130645751953e+00
7.535367488861083984e+00
7.520790576934814453e+00
7.514896869659423828e+00
7.515107154846191406e+00
7.521735191345214844e+00
7.528407096862792969e+00
7.527251243591308594e+00
7.524978637695312500e+00
7.527663707733154297e+00
7.536558628082275391e+00
7.543101787567138672e+00
7.550944805145263672e+00
7.555246353149414062e+00
7.558910369873046875e+00
7.564832210540771484e+00
7.568020343780517578e+00
7.572461128234863281e+00
7.582647323608398438e+00
7.597290515899658203e+00
7.606331825256347656e+00
7.597544670104980469e+00
7.575649261474609375e+00
7.547013282775878906e+00
7.521024227142333984e+00
7.506662368774414062e+00
7.497871875762939453e+00
7.501356124877929688e+00
7.500586986541748047e+00
7.506481170654296875e+00
7.520464420318603516e+00
7.540552616119384766e+00
7.565985679626464844e+00
7.587701320648193359e+00
7.599287986755371094e+00
7.612982749938964844e+00
7.623734474182128906e+00
7.627799034118652344e+00
7.622704982757568359e+00
7.619229316711425781e+00
7.606939792633056641e+00
7.594789505004882812e+00
7.580645084381103516e+00
7.559058666229248047e+00
7.542663574218750000e+00
7.526561737060546875e+00
7.515738964080810547e+00
7.525687694549560547e+00
7.553756237030029297e+00
7.589253902435302734e+00
7.629991054534912109e+00
7.658885478973388672e+00
7.661687374114990234e+00
7.645262241363525391e+00
7.612560749053955078e+00
7.578961849212646484e+00
7.552286148071289062e+00
7.536899089813232422e+00
7.542172908782958984e+00
7.551354408264160156e+00
7.552027702331542969e+00
7.528266429901123047e+00
