-1.108163528442382812e+02
-1.105163574218750000e+02
-1.102163467407226562e+02
-1.099156646728515625e+02
-1.096139831542968750e+02
-1.093109970092773438e+02
-1.090065231323242188e+02
-1.087004699707031250e+02
-1.083928222656250000e+02
-1.080841598510742188e+02
-1.077748641967773438e+02
-1.074655761718750000e+02
-1.071570663452148438e+02
-1.068494873046875000e+02
-1.065433578491210938e+02
-1.062395782470703125e+02
-1.059385223388671875e+02
-1.056393356323242188e+02
-1.053422698974609375e+02
-1.050467147827148438e+02
-1.047525787353515625e+02
-1.044592742919921875e+02
-1.041664123535156250e+02
-1.038736953735351562e+02
-1.035809249877929688e+02
-1.032883148193359375e+02
-1.029961471557617188e+02
-1.027041015625000000e+02
-1.024130096435546875e+02
-1.021222915649414062e+02
-1.018334579467773438e+02
-1.015469284057617188e+02
-1.012633132934570312e+02
-1.009815826416015625e+02
-1.007018814086914062e+02
-1.004246597290039062e+02
-1.001487808227539062e+02
-9.987352752685546875e+01
-9.959912872314453125e+01
-9.932670593261718750e+01
-9.905673980712890625e+01
-9.878891754150390625e+01
-9.852333831787109375e+01
-9.826157379150390625e+01
-9.800347900390625000e+01
-9.774725341796875000e+01
-9.749396514892578125e+01
-9.724140167236328125e+01
-9.699211120605468750e+01
-9.674700164794921875e+01
-9.650504302978515625e+01
-9.626475524902343750e+01
-9.602748107910156250e+01
-9.579198455810546875e+01
-9.555893707275390625e+01
-9.532958984375000000e+01
-9.510261535644531250e+01
-9.487722015380859375e+01
-9.465582275390625000e+01
-9.444006347656250000e+01
-9.422707366943359375e+01
-9.401564788818359375e+01
-9.380853271484375000e+01
-9.360249328613281250e+01
-9.339879608154296875e+01
-9.319770050048828125e+01
-9.299998474121093750e+01
-9.280792236328125000e+01
-9.262072753906250000e+01
-9.243801879882812500e+01
-9.225976562500000000e+01
-9.208497619628906250e+01
-9.191609954833984375e+01
-9.175202941894531250e+01
-9.159452819824218750e+01
-9.144173431396484375e+01
-9.129535675048828125e+01
-9.114882659912109375e+01
-9.100546264648437500e+01
-9.086363983154296875e+01
-9.072682952880859375e+01
-9.059140777587890625e+01
-9.045965576171875000e+01
-9.033052062988281250e+01
-9.020565795898437500e+01
-9.008284759521484375e+01
-8.996326446533203125e+01
-8.984683990478515625e+01
-8.973438262939453125e+01
-8.962441253662109375e+01
-8.951860809326171875e+01
-8.941207885742187500e+01
-8.930936431884765625e+01
-8.921074676513671875e+01
-8.911376953125000000e+01
-8.901969146728515625e+01
-8.892944335937500000e+01
-8.884061431884765625e+01
-8.875423431396484375e+01
-8.866879272460937500e+01
-8.858692169189453125e+01
-8.851078033447265625e+01
-8.843804931640625000e+01
-8.836812591552734375e+01
-8.830071258544921875e+01
-8.823500061035156250e+01
-8.817163085937500000e+01
-8.810997772216796875e+01
-8.805191040039062500e+01
-8.800042724609375000e+01
-8.795010375976562500e+01
-8.790336608886718750e+01
-8.785845184326171875e+01
-8.781745147705078125e+01
-8.777785491943359375e+01
-8.774239349365234375e+01
-8.770967864990234375e+01
-8.767887878417968750e+01
-8.764922332763671875e+01
-8.762238311767578125e+01
-8.759468078613281250e+01
-8.756937408447265625e+01
-8.754558563232421875e+01
-8.752175140380859375e+01
-8.750091552734375000e+01
-8.748041534423828125e+01
-8.745772552490234375e+01
-8.743572235107421875e+01
-8.741413116455078125e+01
-8.739309692382812500e+01
-8.737528991699218750e+01
-8.735817718505859375e+01
-8.734167480468750000e+01
-8.732640838623046875e+01
-8.731039428710937500e+01
-8.729637145996093750e+01
-8.728083038330078125e+01
-8.726425933837890625e+01
-8.725211334228515625e+01
-8.724111938476562500e+01
-8.723425292968750000e+01
-8.723056030273437500e+01
-8.722846221923828125e+01
-8.722499084472656250e+01
-8.721780395507812500e+01
-8.721148681640625000e+01
-8.720597076416015625e+01
-8.720149230957031250e+01
-8.719769287109375000e+01
-8.719659423828125000e+01
-8.719467163085937500e+01
-8.719216918945312500e+01
-8.718924713134765625e+01
-8.718640136718750000e+01
-8.718317413330078125e+01
-8.717977905273437500e+01
-8.717859649658203125e+01
-8.717559814453125000e+01
-8.717477416992187500e+01
-8.717431640625000000e+01
-8.717414855957031250e+01
-8.717135620117187500e+01
-8.716949462890625000e+01
-8.717152404785156250e+01
-8.717719268798828125e+01
-8.718132781982421875e+01
-8.718529510498046875e+01
-8.718446350097656250e+01
-8.718305206298828125e+01
-8.718237304687500000e+01
-8.718017578125000000e+01
-8.717568206787109375e+01
-8.716794586181640625e+01
-8.716344451904296875e+01
-8.716316223144531250e+01
-8.716097259521484375e+01
-8.715876770019531250e+01
-8.715747833251953125e+01
-8.715860748291015625e+01
-8.715823364257812500e+01
-8.715836334228515625e+01
-8.715470886230468750e+01
-8.715261840820312500e+01
-8.714754486083984375e+01
-8.714572143554687500e+01
-8.714878845214843750e+01
-8.714818572998046875e+01
-8.714945983886718750e+01
-8.715245819091796875e+01
-8.715536499023437500e+01
-8.716046142578125000e+01
-8.716750335693359375e+01
-8.717123413085937500e+01
-8.717157745361328125e+01
-8.717195129394531250e+01
-8.717385101318359375e+01
-8.718000793457031250e+01
-8.718594360351562500e+01
-8.719380950927734375e+01
-8.719784545898437500e+01
