3.664999999999999858e+01 2.255999999999999872e+01 2.617000000000000171e+01 2.617000000000000171e+01 2.176999999999999957e+01 4.767999999999999972e+01 2.008999999999999986e+01 3.311999999999999744e+01 5.182999999999999829e+01
2.714999999999999858e+01 1.671999999999999886e+01 1.937999999999999901e+01 1.937999999999999901e+01 1.612999999999999901e+01 3.532000000000000028e+01 1.489000000000000057e+01 2.453999999999999915e+01 3.839000000000000057e+01
2.146999999999999886e+01 1.239000000000000057e+01 1.530000000000000071e+01 1.439000000000000057e+01 1.247000000000000064e+01 2.701000000000000156e+01 1.240000000000000036e+01 1.894999999999999929e+01 3.561999999999999744e+01
1.882999999999999829e+01 9.660000000000000142e+00 1.276999999999999957e+01 1.071000000000000085e+01 1.017999999999999972e+01 2.237999999999999901e+01 1.074000000000000021e+01 1.617000000000000171e+01 3.164000000000000057e+01
1.719000000000000128e+01 7.679999999999999716e+00 1.108000000000000007e+01 8.269999999999999574e+00 8.320000000000000284e+00 2.035000000000000142e+01 9.589999999999999858e+00 1.692999999999999972e+01 3.175000000000000000e+01
1.667000000000000171e+01 6.580000000000000071e+00 9.689999999999999503e+00 6.709999999999999964e+00 7.240000000000000213e+00 1.896000000000000085e+01 9.460000000000000853e+00 1.819999999999999929e+01 3.439000000000000057e+01
1.689999999999999858e+01 5.690000000000000391e+00 8.710000000000000853e+00 5.559999999999999609e+00 6.589999999999999858e+00 1.780999999999999872e+01 9.500000000000000000e+00 1.937000000000000099e+01 4.035000000000000142e+01
1.730999999999999872e+01 5.070000000000000284e+00 7.839999999999999858e+00 4.709999999999999964e+00 6.169999999999999929e+00 1.680000000000000071e+01 9.390000000000000568e+00 2.139999999999999858e+01 4.942999999999999972e+01
1.792000000000000171e+01 4.559999999999999609e+00 7.209999999999999964e+00 4.019999999999999574e+00 5.910000000000000142e+00 1.577999999999999936e+01 9.660000000000000142e+00 2.378999999999999915e+01 5.892999999999999972e+01
1.900000000000000000e+01 4.209999999999999964e+00 6.679999999999999716e+00 3.450000000000000178e+00 5.440000000000000391e+00 1.496000000000000085e+01 9.910000000000000142e+00 2.514000000000000057e+01 6.529999999999999716e+01
2.012999999999999901e+01 3.970000000000000195e+00 6.280000000000000249e+00 3.009999999999999787e+00 4.879999999999999893e+00 1.407000000000000028e+01 1.043999999999999950e+01 2.733999999999999986e+01 6.856999999999999318e+01
2.112000000000000099e+01 3.750000000000000000e+00 6.019999999999999574e+00 2.660000000000000142e+00 4.440000000000000391e+00 1.357000000000000028e+01 1.021000000000000085e+01 2.996000000000000085e+01 6.915000000000000568e+01
2.203000000000000114e+01 3.479999999999999982e+00 5.730000000000000426e+00 2.359999999999999876e+00 4.070000000000000284e+00 1.283999999999999986e+01 9.970000000000000639e+00 3.535999999999999943e+01 6.220000000000000284e+01
2.246999999999999886e+01 3.250000000000000000e+00 5.379999999999999893e+00 2.129999999999999893e+00 3.810000000000000053e+00 1.200999999999999979e+01 9.919999999999999929e+00 4.310999999999999943e+01 5.439000000000000057e+01
2.285999999999999943e+01 3.029999999999999805e+00 5.019999999999999574e+00 1.919999999999999929e+00 3.680000000000000160e+00 1.148000000000000043e+01 1.003999999999999915e+01 4.517000000000000171e+01 4.896000000000000085e+01
2.330000000000000071e+01 2.839999999999999858e+00 4.730000000000000426e+00 1.729999999999999982e+00 3.569999999999999840e+00 1.133000000000000007e+01 9.919999999999999929e+00 4.500000000000000000e+01 4.378999999999999915e+01
2.344999999999999929e+01 2.700000000000000178e+00 4.459999999999999964e+00 1.570000000000000062e+00 3.479999999999999982e+00 1.118999999999999950e+01 1.000999999999999979e+01 4.649000000000000199e+01 4.025000000000000000e+01
2.351000000000000156e+01 2.549999999999999822e+00 4.240000000000000213e+00 1.439999999999999947e+00 3.410000000000000142e+00 1.111999999999999922e+01 1.017999999999999972e+01 4.667999999999999972e+01 3.850000000000000000e+01
2.414000000000000057e+01 2.430000000000000160e+00 4.030000000000000249e+00 1.330000000000000071e+00 3.379999999999999893e+00 1.116999999999999993e+01 1.040000000000000036e+01 4.946000000000000085e+01 3.571000000000000085e+01
2.496999999999999886e+01 2.330000000000000071e+00 3.810000000000000053e+00 1.219999999999999973e+00 3.350000000000000089e+00 1.108000000000000007e+01 1.074000000000000021e+01 5.140999999999999659e+01 3.313000000000000256e+01
2.562999999999999901e+01 2.259999999999999787e+00 3.580000000000000071e+00 1.139999999999999902e+00 3.270000000000000018e+00 1.116000000000000014e+01 1.163000000000000078e+01 5.314999999999999858e+01 3.155999999999999872e+01
2.683999999999999986e+01 2.200000000000000178e+00 3.370000000000000107e+00 1.070000000000000062e+00 3.240000000000000213e+00 1.134999999999999964e+01 1.216000000000000014e+01 5.209000000000000341e+01 3.046999999999999886e+01
2.755000000000000071e+01 2.140000000000000124e+00 3.160000000000000142e+00 1.020000000000000018e+00 3.160000000000000142e+00 1.156000000000000050e+01 1.233000000000000007e+01 5.474000000000000199e+01 2.989000000000000057e+01
2.892999999999999972e+01 2.089999999999999858e+00 2.970000000000000195e+00 9.699999999999999734e-01 3.060000000000000053e+00 1.214000000000000057e+01 1.263000000000000078e+01 5.632000000000000028e+01 2.958999999999999986e+01
3.033999999999999986e+01 2.029999999999999805e+00 2.799999999999999822e+00 9.399999999999999467e-01 2.939999999999999947e+00 1.244999999999999929e+01 1.294999999999999929e+01 5.725000000000000000e+01 3.051000000000000156e+01
3.098999999999999844e+01 1.979999999999999982e+00 2.660000000000000142e+00 9.000000000000000222e-01 2.790000000000000036e+00 1.250999999999999979e+01 1.400999999999999979e+01 6.175999999999999801e+01 3.206000000000000227e+01
2.992000000000000171e+01 1.949999999999999956e+00 2.520000000000000018e+00 8.699999999999999956e-01 2.600000000000000089e+00 1.278999999999999915e+01 1.577999999999999936e+01 6.564000000000000057e+01 3.389999999999999858e+01
2.964999999999999858e+01 1.909999999999999920e+00 2.390000000000000124e+00 8.499999999999999778e-01 2.439999999999999947e+00 1.314000000000000057e+01 1.835999999999999943e+01 7.551999999999999602e+01 3.560000000000000142e+01
2.891000000000000014e+01 1.870000000000000107e+00 2.279999999999999805e+00 8.199999999999999512e-01 2.250000000000000000e+00 1.352999999999999936e+01 1.866000000000000014e+01 8.654999999999999716e+01 3.760000000000000142e+01
2.894000000000000128e+01 1.830000000000000071e+00 2.189999999999999947e+00 8.000000000000000444e-01 2.100000000000000089e+00 1.401999999999999957e+01 1.853999999999999915e+01 1.021700000000000017e+02 3.896999999999999886e+01
2.905000000000000071e+01 1.810000000000000053e+00 2.109999999999999876e+00 7.800000000000000266e-01 1.949999999999999956e+00 1.450999999999999979e+01 1.801999999999999957e+01 1.131099999999999994e+02 3.889000000000000057e+01
2.937000000000000099e+01 1.790000000000000036e+00 2.040000000000000036e+00 7.700000000000000178e-01 1.830000000000000071e+00 1.516000000000000014e+01 1.753999999999999915e+01 1.050799999999999983e+02 3.756000000000000227e+01
2.951000000000000156e+01 1.760000000000000009e+00 1.969999999999999973e+00 7.600000000000000089e-01 1.729999999999999982e+00 1.563000000000000078e+01 1.660000000000000142e+01 9.271999999999999886e+01 3.595000000000000284e+01
2.880999999999999872e+01 1.760000000000000009e+00 1.909999999999999920e+00 7.399999999999999911e-01 1.629999999999999893e+00 1.617000000000000171e+01 1.662999999999999901e+01 8.151000000000000512e+01 3.353000000000000114e+01
2.898999999999999844e+01 1.760000000000000009e+00 1.870000000000000107e+00 7.399999999999999911e-01 1.550000000000000044e+00 1.646999999999999886e+01 1.773000000000000043e+01 7.223999999999999488e+01 3.139000000000000057e+01
2.928000000000000114e+01 1.750000000000000000e+00 1.830000000000000071e+00 7.299999999999999822e-01 1.469999999999999973e+00 1.719999999999999929e+01 1.875000000000000000e+01 6.628000000000000114e+01 3.055999999999999872e+01
3.001999999999999957e+01 1.750000000000000000e+00 1.820000000000000062e+00 7.199999999999999734e-01 1.419999999999999929e+00 1.796000000000000085e+01 1.989000000000000057e+01 6.325999999999999801e+01 3.010999999999999943e+01
3.001999999999999957e+01 1.750000000000000000e+00 1.810000000000000053e+00 7.199999999999999734e-01 1.389999999999999902e+00 1.885999999999999943e+01 2.078000000000000114e+01 6.300000000000000000e+01 2.994999999999999929e+01
3.028000000000000114e+01 1.739999999999999991e+00 1.800000000000000044e+00 7.099999999999999645e-01 1.360000000000000098e+00 2.017999999999999972e+01 2.092000000000000171e+01 6.426999999999999602e+01 3.028000000000000114e+01
2.962000000000000099e+01 1.739999999999999991e+00 1.790000000000000036e+00 7.099999999999999645e-01 1.330000000000000071e+00 2.183999999999999986e+01 2.044999999999999929e+01 6.660999999999999943e+01 3.078999999999999915e+01
2.896000000000000085e+01 1.729999999999999982e+00 1.780000000000000027e+00 7.099999999999999645e-01 1.300000000000000044e+00 2.433999999999999986e+01 1.998000000000000043e+01 6.950000000000000000e+01 3.137999999999999901e+01
2.769000000000000128e+01 1.729999999999999982e+00 1.760000000000000009e+00 6.999999999999999556e-01 1.260000000000000009e+00 2.687999999999999901e+01 1.878999999999999915e+01 7.287000000000000455e+01 3.210999999999999943e+01
2.555999999999999872e+01 1.719999999999999973e+00 1.750000000000000000e+00 6.999999999999999556e-01 1.229999999999999982e+00 2.889000000000000057e+01 1.719999999999999929e+01 7.825000000000000000e+01 3.332000000000000028e+01
2.358999999999999986e+01 1.719999999999999973e+00 1.739999999999999991e+00 6.899999999999999467e-01 1.219999999999999973e+00 2.991000000000000014e+01 1.583000000000000007e+01 8.390000000000000568e+01 3.457000000000000028e+01
2.176000000000000156e+01 1.709999999999999964e+00 1.729999999999999982e+00 6.800000000000000488e-01 1.219999999999999973e+00 3.089000000000000057e+01 1.532000000000000028e+01 8.967000000000000171e+01 3.595000000000000284e+01
2.057999999999999829e+01 1.699999999999999956e+00 1.719999999999999973e+00 6.800000000000000488e-01 1.209999999999999964e+00 2.962999999999999901e+01 1.478999999999999915e+01 9.626999999999999602e+01 3.749000000000000199e+01
1.985000000000000142e+01 1.679999999999999938e+00 1.709999999999999964e+00 6.700000000000000400e-01 1.199999999999999956e+00 2.712999999999999901e+01 1.357000000000000028e+01 9.781999999999999318e+01 3.697999999999999687e+01
1.955999999999999872e+01 1.669999999999999929e+00 1.699999999999999956e+00 6.700000000000000400e-01 1.199999999999999956e+00 2.528000000000000114e+01 1.266000000000000014e+01 9.848000000000000398e+01 3.632999999999999829e+01
1.966000000000000014e+01 1.649999999999999911e+00 1.679999999999999938e+00 6.700000000000000400e-01 1.199999999999999956e+00 2.430999999999999872e+01 1.189000000000000057e+01 9.726999999999999602e+01 3.531000000000000227e+01
1.982999999999999829e+01 1.629999999999999893e+00 1.669999999999999929e+00 6.600000000000000311e-01 1.199999999999999956e+00 2.323000000000000043e+01 1.114000000000000057e+01 9.451000000000000512e+01 3.471999999999999886e+01
2.053000000000000114e+01 1.620000000000000107e+00 1.659999999999999920e+00 6.600000000000000311e-01 1.199999999999999956e+00 2.194999999999999929e+01 1.039000000000000057e+01 8.948999999999999488e+01 3.440999999999999659e+01
2.137999999999999901e+01 1.620000000000000107e+00 1.659999999999999920e+00 6.600000000000000311e-01 1.199999999999999956e+00 2.135000000000000142e+01 9.269999999999999574e+00 8.281000000000000227e+01 3.431000000000000227e+01
2.230000000000000071e+01 1.610000000000000098e+00 1.659999999999999920e+00 6.600000000000000311e-01 1.189999999999999947e+00 2.142000000000000171e+01 8.470000000000000639e+00 7.582999999999999829e+01 3.440999999999999659e+01
2.317999999999999972e+01 1.600000000000000089e+00 1.669999999999999929e+00 6.600000000000000311e-01 1.179999999999999938e+00 2.091000000000000014e+01 7.990000000000000213e+00 7.056000000000000227e+01 3.456000000000000227e+01
2.407000000000000028e+01 1.580000000000000071e+00 1.689999999999999947e+00 6.600000000000000311e-01 1.179999999999999938e+00 2.033999999999999986e+01 7.690000000000000391e+00 6.520999999999999375e+01 3.489999999999999858e+01
2.451999999999999957e+01 1.570000000000000062e+00 1.699999999999999956e+00 6.600000000000000311e-01 1.169999999999999929e+00 1.996000000000000085e+01 7.250000000000000000e+00 6.004999999999999716e+01 3.650000000000000000e+01
2.448999999999999844e+01 1.560000000000000053e+00 1.709999999999999964e+00 6.600000000000000311e-01 1.169999999999999929e+00 1.957999999999999829e+01 6.889999999999999680e+00 5.489999999999999858e+01 3.874000000000000199e+01
2.441000000000000014e+01 1.550000000000000044e+00 1.719999999999999973e+00 6.600000000000000311e-01 1.169999999999999929e+00 1.910000000000000142e+01 6.580000000000000071e+00 5.145000000000000284e+01 4.224000000000000199e+01
2.446000000000000085e+01 1.550000000000000044e+00 1.719999999999999973e+00 6.600000000000000311e-01 1.169999999999999929e+00 1.830000000000000071e+01 6.209999999999999964e+00 4.843999999999999773e+01 4.667000000000000171e+01
2.426000000000000156e+01 1.560000000000000053e+00 1.719999999999999973e+00 6.600000000000000311e-01 1.169999999999999929e+00 1.741000000000000014e+01 5.889999999999999680e+00 4.511999999999999744e+01 5.324000000000000199e+01
2.425000000000000000e+01 1.570000000000000062e+00 1.719999999999999973e+00 6.600000000000000311e-01 1.169999999999999929e+00 1.660999999999999943e+01 5.639999999999999680e+00 4.185999999999999943e+01 6.199000000000000199e+01
2.435000000000000142e+01 1.580000000000000071e+00 1.719999999999999973e+00 6.600000000000000311e-01 1.169999999999999929e+00 1.619999999999999929e+01 5.459999999999999964e+00 3.959000000000000341e+01 7.220000000000000284e+01
2.430999999999999872e+01 1.600000000000000089e+00 1.719999999999999973e+00 6.600000000000000311e-01 1.159999999999999920e+00 1.594999999999999929e+01 5.209999999999999964e+00 3.793999999999999773e+01 8.590000000000000568e+01
2.439999999999999858e+01 1.600000000000000089e+00 1.709999999999999964e+00 6.700000000000000400e-01 1.159999999999999920e+00 1.564000000000000057e+01 4.969999999999999751e+00 3.689000000000000057e+01 1.035100000000000051e+02
2.428999999999999915e+01 1.610000000000000098e+00 1.709999999999999964e+00 6.700000000000000400e-01 1.149999999999999911e+00 1.490000000000000036e+01 4.769999999999999574e+00 3.575999999999999801e+01 1.229899999999999949e+02
2.391000000000000014e+01 1.620000000000000107e+00 1.719999999999999973e+00 6.700000000000000400e-01 1.139999999999999902e+00 1.413000000000000078e+01 4.620000000000000107e+00 3.482999999999999829e+01 1.184800000000000040e+02
2.292999999999999972e+01 1.610000000000000098e+00 1.729999999999999982e+00 6.700000000000000400e-01 1.139999999999999902e+00 1.327999999999999936e+01 4.490000000000000213e+00 3.310000000000000142e+01 1.050199999999999960e+02
2.214000000000000057e+01 1.610000000000000098e+00 1.729999999999999982e+00 6.700000000000000400e-01 1.149999999999999911e+00 1.266000000000000014e+01 4.410000000000000142e+00 3.153000000000000114e+01 9.226999999999999602e+01
2.210000000000000142e+01 1.620000000000000107e+00 1.729999999999999982e+00 6.800000000000000488e-01 1.149999999999999911e+00 1.200999999999999979e+01 4.280000000000000249e+00 3.007000000000000028e+01 8.479999999999999716e+01
2.280999999999999872e+01 1.629999999999999893e+00 1.729999999999999982e+00 6.800000000000000488e-01 1.149999999999999911e+00 1.138000000000000078e+01 4.219999999999999751e+00 2.885000000000000142e+01 8.039000000000000057e+01
2.394999999999999929e+01 1.629999999999999893e+00 1.729999999999999982e+00 6.800000000000000488e-01 1.139999999999999902e+00 1.100999999999999979e+01 4.169999999999999929e+00 2.758999999999999986e+01 8.082999999999999829e+01
2.505000000000000071e+01 1.639999999999999902e+00 1.729999999999999982e+00 6.800000000000000488e-01 1.129999999999999893e+00 1.076999999999999957e+01 4.169999999999999929e+00 2.673999999999999844e+01 8.109000000000000341e+01
2.576000000000000156e+01 1.639999999999999902e+00 1.729999999999999982e+00 6.800000000000000488e-01 1.120000000000000107e+00 1.041000000000000014e+01 4.200000000000000178e+00 2.616000000000000014e+01 8.426000000000000512e+01
2.533999999999999986e+01 1.649999999999999911e+00 1.729999999999999982e+00 6.800000000000000488e-01 1.110000000000000098e+00 1.021000000000000085e+01 4.209999999999999964e+00 2.603999999999999915e+01 8.787999999999999545e+01
2.396999999999999886e+01 1.649999999999999911e+00 1.719999999999999973e+00 6.899999999999999467e-01 1.100000000000000089e+00 1.011999999999999922e+01 4.179999999999999716e+00 2.650000000000000000e+01 8.803000000000000114e+01
2.246999999999999886e+01 1.669999999999999929e+00 1.709999999999999964e+00 6.899999999999999467e-01 1.100000000000000089e+00 9.820000000000000284e+00 4.169999999999999929e+00 2.682999999999999829e+01 8.790000000000000568e+01
2.116000000000000014e+01 1.669999999999999929e+00 1.699999999999999956e+00 6.899999999999999467e-01 1.100000000000000089e+00 9.599999999999999645e+00 4.139999999999999680e+00 2.689999999999999858e+01 9.029999999999999716e+01
2.041000000000000014e+01 1.679999999999999938e+00 1.679999999999999938e+00 6.899999999999999467e-01 1.090000000000000080e+00 9.480000000000000426e+00 4.150000000000000355e+00 2.701000000000000156e+01 9.573999999999999488e+01
1.991000000000000014e+01 1.689999999999999947e+00 1.669999999999999929e+00 6.899999999999999467e-01 1.090000000000000080e+00 9.410000000000000142e+00 4.200000000000000178e+00 2.716000000000000014e+01 1.036500000000000057e+02
1.989000000000000057e+01 1.699999999999999956e+00 1.659999999999999920e+00 6.899999999999999467e-01 1.090000000000000080e+00 9.330000000000000071e+00 4.269999999999999574e+00 2.714999999999999858e+01 1.130600000000000023e+02
1.976000000000000156e+01 1.709999999999999964e+00 1.639999999999999902e+00 6.800000000000000488e-01 1.100000000000000089e+00 9.189999999999999503e+00 4.299999999999999822e+00 2.701999999999999957e+01 1.150100000000000051e+02
1.989999999999999858e+01 1.719999999999999973e+00 1.639999999999999902e+00 6.800000000000000488e-01 1.110000000000000098e+00 9.009999999999999787e+00 4.349999999999999645e+00 2.682999999999999829e+01 1.101200000000000045e+02
2.023999999999999844e+01 1.729999999999999982e+00 1.629999999999999893e+00 6.800000000000000488e-01 1.120000000000000107e+00 8.720000000000000639e+00 4.419999999999999929e+00 2.658999999999999986e+01 1.018499999999999943e+02
2.076000000000000156e+01 1.739999999999999991e+00 1.629999999999999893e+00 6.800000000000000488e-01 1.129999999999999893e+00 8.470000000000000639e+00 4.519999999999999574e+00 2.660000000000000142e+01 9.309999999999999432e+01
2.144000000000000128e+01 1.760000000000000009e+00 1.620000000000000107e+00 6.800000000000000488e-01 1.129999999999999893e+00 8.199999999999999289e+00 4.589999999999999858e+00 2.671000000000000085e+01 8.784999999999999432e+01
2.233999999999999986e+01 1.770000000000000018e+00 1.620000000000000107e+00 6.800000000000000488e-01 1.139999999999999902e+00 7.980000000000000426e+00 4.709999999999999964e+00 2.698000000000000043e+01 8.393999999999999773e+01
2.305999999999999872e+01 1.780000000000000027e+00 1.610000000000000098e+00 6.700000000000000400e-01 1.149999999999999911e+00 7.809999999999999609e+00 4.830000000000000071e+00 2.755999999999999872e+01 8.184999999999999432e+01
2.328000000000000114e+01 1.790000000000000036e+00 1.610000000000000098e+00 6.700000000000000400e-01 1.159999999999999920e+00 7.620000000000000107e+00 5.000000000000000000e+00 2.791000000000000014e+01 8.206000000000000227e+01
2.360000000000000142e+01 1.800000000000000044e+00 1.610000000000000098e+00 6.700000000000000400e-01 1.169999999999999929e+00 7.450000000000000178e+00 5.110000000000000320e+00 2.833999999999999986e+01 8.200000000000000000e+01
2.387999999999999901e+01 1.800000000000000044e+00 1.610000000000000098e+00 6.700000000000000400e-01 1.179999999999999938e+00 7.360000000000000320e+00 5.200000000000000178e+00 2.901999999999999957e+01 8.159999999999999432e+01
2.337999999999999901e+01 1.790000000000000036e+00 1.610000000000000098e+00 6.600000000000000311e-01 1.169999999999999929e+00 7.309999999999999609e+00 5.349999999999999645e+00 2.955999999999999872e+01 8.462999999999999545e+01
2.257000000000000028e+01 1.790000000000000036e+00 1.610000000000000098e+00 6.600000000000000311e-01 1.149999999999999911e+00 7.349999999999999645e+00 5.410000000000000142e+00 3.019000000000000128e+01 9.085999999999999943e+01
2.196000000000000085e+01 1.780000000000000027e+00 1.600000000000000089e+00 6.600000000000000311e-01 1.139999999999999902e+00 7.389999999999999680e+00 5.429999999999999716e+00 3.066000000000000014e+01 9.690000000000000568e+01
2.169000000000000128e+01 1.770000000000000018e+00 1.590000000000000080e+00 6.600000000000000311e-01 1.129999999999999893e+00 7.370000000000000107e+00 5.490000000000000213e+00 3.108999999999999986e+01 1.048700000000000045e+02
2.157999999999999829e+01 1.770000000000000018e+00 1.590000000000000080e+00 6.600000000000000311e-01 1.129999999999999893e+00 7.379999999999999893e+00 5.559999999999999609e+00 3.128999999999999915e+01 1.084699999999999989e+02
2.171999999999999886e+01 1.780000000000000027e+00 1.580000000000000071e+00 6.600000000000000311e-01 1.110000000000000098e+00 7.370000000000000107e+00 5.629999999999999893e+00 3.164999999999999858e+01 1.074599999999999937e+02
2.214000000000000057e+01 1.780000000000000027e+00 1.570000000000000062e+00 6.600000000000000311e-01 1.100000000000000089e+00 7.339999999999999858e+00 5.650000000000000355e+00 3.217000000000000171e+01 1.024800000000000040e+02
2.255000000000000071e+01 1.790000000000000036e+00 1.550000000000000044e+00 6.600000000000000311e-01 1.090000000000000080e+00 7.259999999999999787e+00 5.629999999999999893e+00 3.225999999999999801e+01 9.979000000000000625e+01
2.310000000000000142e+01 1.790000000000000036e+00 1.540000000000000036e+00 6.500000000000000222e-01 1.080000000000000071e+00 7.160000000000000142e+00 5.660000000000000142e+00 3.221000000000000085e+01 9.785999999999999943e+01
2.367999999999999972e+01 1.790000000000000036e+00 1.530000000000000027e+00 6.500000000000000222e-01 1.080000000000000071e+00 7.019999999999999574e+00 5.769999999999999574e+00 3.210999999999999943e+01 1.006099999999999994e+02
2.385999999999999943e+01 1.780000000000000027e+00 1.520000000000000018e+00 6.500000000000000222e-01 1.070000000000000062e+00 6.959999999999999964e+00 5.849999999999999645e+00 3.198999999999999844e+01 1.034500000000000028e+02
2.369000000000000128e+01 1.780000000000000027e+00 1.510000000000000009e+00 6.400000000000000133e-01 1.060000000000000053e+00 6.860000000000000320e+00 5.830000000000000071e+00 3.160000000000000142e+01 1.055699999999999932e+02
2.328999999999999915e+01 1.780000000000000027e+00 1.500000000000000000e+00 6.400000000000000133e-01 1.060000000000000053e+00 6.740000000000000213e+00 5.889999999999999680e+00 3.137000000000000099e+01 1.034599999999999937e+02
2.287000000000000099e+01 1.770000000000000018e+00 1.489999999999999991e+00 6.400000000000000133e-01 1.040000000000000036e+00 6.580000000000000071e+00 5.959999999999999964e+00 3.100000000000000000e+01 9.926000000000000512e+01
2.264999999999999858e+01 1.770000000000000018e+00 1.479999999999999982e+00 6.300000000000000044e-01 1.030000000000000027e+00 6.440000000000000391e+00 6.019999999999999574e+00 3.100000000000000000e+01 1.028900000000000006e+02
2.271000000000000085e+01 1.760000000000000009e+00 1.469999999999999973e+00 6.300000000000000044e-01 1.020000000000000018e+00 6.330000000000000071e+00 6.059999999999999609e+00 3.101999999999999957e+01 1.110999999999999943e+02
2.266000000000000014e+01 1.760000000000000009e+00 1.449999999999999956e+00 6.300000000000000044e-01 1.020000000000000018e+00 6.259999999999999787e+00 6.129999999999999893e+00 3.103000000000000114e+01 1.159099999999999966e+02
2.264000000000000057e+01 1.760000000000000009e+00 1.439999999999999947e+00 6.300000000000000044e-01 1.020000000000000018e+00 6.200000000000000178e+00 6.190000000000000391e+00 3.103000000000000114e+01 1.154500000000000028e+02
2.262000000000000099e+01 1.770000000000000018e+00 1.419999999999999929e+00 6.300000000000000044e-01 1.020000000000000018e+00 6.160000000000000142e+00 6.160000000000000142e+00 3.119000000000000128e+01 1.117900000000000063e+02
2.282000000000000028e+01 1.770000000000000018e+00 1.409999999999999920e+00 6.300000000000000044e-01 1.020000000000000018e+00 6.110000000000000320e+00 6.070000000000000284e+00 3.119000000000000128e+01 1.044000000000000057e+02
2.319999999999999929e+01 1.770000000000000018e+00 1.389999999999999902e+00 6.199999999999999956e-01 1.020000000000000018e+00 6.080000000000000071e+00 6.009999999999999787e+00 3.128000000000000114e+01 9.592000000000000171e+01
2.366000000000000014e+01 1.770000000000000018e+00 1.379999999999999893e+00 6.199999999999999956e-01 1.030000000000000027e+00 6.019999999999999574e+00 5.919999999999999929e+00 3.200999999999999801e+01 9.251000000000000512e+01
2.403000000000000114e+01 1.770000000000000018e+00 1.370000000000000107e+00 6.199999999999999956e-01 1.030000000000000027e+00 5.969999999999999751e+00 5.919999999999999929e+00 3.320000000000000284e+01 9.156999999999999318e+01
2.385999999999999943e+01 1.780000000000000027e+00 1.350000000000000089e+00 6.199999999999999956e-01 1.030000000000000027e+00 5.919999999999999929e+00 5.959999999999999964e+00 3.472999999999999687e+01 9.137999999999999545e+01
2.348000000000000043e+01 1.780000000000000027e+00 1.340000000000000080e+00 6.199999999999999956e-01 1.030000000000000027e+00 5.879999999999999893e+00 5.980000000000000426e+00 3.663000000000000256e+01 9.556999999999999318e+01
2.303999999999999915e+01 1.770000000000000018e+00 1.330000000000000071e+00 6.300000000000000044e-01 1.040000000000000036e+00 5.809999999999999609e+00 5.990000000000000213e+00 3.899000000000000199e+01 9.968999999999999773e+01
2.271000000000000085e+01 1.770000000000000018e+00 1.310000000000000053e+00 6.300000000000000044e-01 1.050000000000000044e+00 5.719999999999999751e+00 5.910000000000000142e+00 4.145000000000000284e+01 1.036899999999999977e+02
2.191000000000000014e+01 1.770000000000000018e+00 1.300000000000000044e+00 6.300000000000000044e-01 1.050000000000000044e+00 5.639999999999999680e+00 5.769999999999999574e+00 4.460999999999999943e+01 1.026700000000000017e+02
2.153000000000000114e+01 1.770000000000000018e+00 1.300000000000000044e+00 6.300000000000000044e-01 1.060000000000000053e+00 5.540000000000000036e+00 5.700000000000000178e+00 4.779999999999999716e+01 9.803000000000000114e+01
2.139000000000000057e+01 1.760000000000000009e+00 1.290000000000000036e+00 6.300000000000000044e-01 1.060000000000000053e+00 5.410000000000000142e+00 5.559999999999999609e+00 5.111999999999999744e+01 9.443000000000000682e+01
2.160000000000000142e+01 1.760000000000000009e+00 1.290000000000000036e+00 6.300000000000000044e-01 1.060000000000000053e+00 5.360000000000000320e+00 5.500000000000000000e+00 5.575000000000000000e+01 9.020000000000000284e+01
2.228000000000000114e+01 1.750000000000000000e+00 1.280000000000000027e+00 6.300000000000000044e-01 1.060000000000000053e+00 5.330000000000000071e+00 5.400000000000000355e+00 5.917999999999999972e+01 8.739000000000000057e+01
2.298999999999999844e+01 1.750000000000000000e+00 1.280000000000000027e+00 6.300000000000000044e-01 1.060000000000000053e+00 5.299999999999999822e+00 5.269999999999999574e+00 6.282000000000000028e+01 8.581000000000000227e+01
2.344999999999999929e+01 1.750000000000000000e+00 1.270000000000000018e+00 6.300000000000000044e-01 1.070000000000000062e+00 5.299999999999999822e+00 5.139999999999999680e+00 6.612999999999999545e+01 8.204000000000000625e+01
2.357000000000000028e+01 1.739999999999999991e+00 1.270000000000000018e+00 6.300000000000000044e-01 1.080000000000000071e+00 5.280000000000000249e+00 5.080000000000000071e+00 6.681999999999999318e+01 7.871999999999999886e+01
2.346000000000000085e+01 1.739999999999999991e+00 1.260000000000000009e+00 6.300000000000000044e-01 1.080000000000000071e+00 5.250000000000000000e+00 5.040000000000000036e+00 6.798000000000000398e+01 7.873999999999999488e+01
2.292000000000000171e+01 1.729999999999999982e+00 1.260000000000000009e+00 6.300000000000000044e-01 1.090000000000000080e+00 5.190000000000000391e+00 4.959999999999999964e+00 6.667000000000000171e+01 7.971999999999999886e+01
2.228000000000000114e+01 1.729999999999999982e+00 1.250000000000000000e+00 6.300000000000000044e-01 1.100000000000000089e+00 5.139999999999999680e+00 4.849999999999999645e+00 6.554000000000000625e+01 8.015999999999999659e+01
2.205000000000000071e+01 1.719999999999999973e+00 1.250000000000000000e+00 6.300000000000000044e-01 1.100000000000000089e+00 5.070000000000000284e+00 4.799999999999999822e+00 6.487999999999999545e+01 8.343999999999999773e+01
2.189999999999999858e+01 1.719999999999999973e+00 1.239999999999999991e+00 6.300000000000000044e-01 1.110000000000000098e+00 5.019999999999999574e+00 4.759999999999999787e+00 6.431000000000000227e+01 8.325000000000000000e+01
2.203999999999999915e+01 1.709999999999999964e+00 1.229999999999999982e+00 6.300000000000000044e-01 1.110000000000000098e+00 4.990000000000000213e+00 4.690000000000000391e+00 6.225999999999999801e+01 8.289000000000000057e+01
2.244000000000000128e+01 1.709999999999999964e+00 1.219999999999999973e+00 6.300000000000000044e-01 1.110000000000000098e+00 4.919999999999999929e+00 4.639999999999999680e+00 5.971999999999999886e+01 8.454999999999999716e+01
2.278999999999999915e+01 1.709999999999999964e+00 1.209999999999999964e+00 6.199999999999999956e-01 1.110000000000000098e+00 4.860000000000000320e+00 4.620000000000000107e+00 5.760000000000000142e+01 8.292000000000000171e+01
2.319999999999999929e+01 1.709999999999999964e+00 1.209999999999999964e+00 6.199999999999999956e-01 1.110000000000000098e+00 4.799999999999999822e+00 4.620000000000000107e+00 5.584000000000000341e+01 8.254000000000000625e+01
2.348999999999999844e+01 1.699999999999999956e+00 1.199999999999999956e+00 6.199999999999999956e-01 1.100000000000000089e+00 4.750000000000000000e+00 4.540000000000000036e+00 5.359000000000000341e+01 8.312999999999999545e+01
2.353999999999999915e+01 1.699999999999999956e+00 1.189999999999999947e+00 6.099999999999999867e-01 1.100000000000000089e+00 4.719999999999999751e+00 4.469999999999999751e+00 5.154999999999999716e+01 8.523999999999999488e+01
2.351000000000000156e+01 1.689999999999999947e+00 1.189999999999999947e+00 6.099999999999999867e-01 1.090000000000000080e+00 4.709999999999999964e+00 4.480000000000000426e+00 5.006000000000000227e+01 8.689000000000000057e+01
2.317999999999999972e+01 1.689999999999999947e+00 1.179999999999999938e+00 6.099999999999999867e-01 1.090000000000000080e+00 4.700000000000000178e+00 4.509999999999999787e+00 4.863000000000000256e+01 9.034999999999999432e+01
2.280000000000000071e+01 1.679999999999999938e+00 1.169999999999999929e+00 5.999999999999999778e-01 1.080000000000000071e+00 4.690000000000000391e+00 4.500000000000000000e+00 4.720000000000000284e+01 9.314000000000000057e+01
2.264999999999999858e+01 1.679999999999999938e+00 1.169999999999999929e+00 5.999999999999999778e-01 1.080000000000000071e+00 4.679999999999999716e+00 4.519999999999999574e+00 4.590999999999999659e+01 1.001599999999999966e+02
2.264000000000000057e+01 1.679999999999999938e+00 1.159999999999999920e+00 5.999999999999999778e-01 1.060000000000000053e+00 4.629999999999999893e+00 4.519999999999999574e+00 4.424000000000000199e+01 1.104099999999999966e+02
2.264000000000000057e+01 1.679999999999999938e+00 1.159999999999999920e+00 5.999999999999999778e-01 1.050000000000000044e+00 4.599999999999999645e+00 4.559999999999999609e+00 4.272999999999999687e+01 1.139099999999999966e+02
2.271999999999999886e+01 1.679999999999999938e+00 1.149999999999999911e+00 5.999999999999999778e-01 1.040000000000000036e+00 4.580000000000000071e+00 4.599999999999999645e+00 4.081000000000000227e+01 1.139599999999999937e+02
2.292999999999999972e+01 1.679999999999999938e+00 1.149999999999999911e+00 5.999999999999999778e-01 1.030000000000000027e+00 4.540000000000000036e+00 4.599999999999999645e+00 3.861999999999999744e+01 1.105699999999999932e+02
2.321999999999999886e+01 1.679999999999999938e+00 1.139999999999999902e+00 5.999999999999999778e-01 1.030000000000000027e+00 4.490000000000000213e+00 4.540000000000000036e+00 3.696999999999999886e+01 1.048199999999999932e+02
2.357000000000000028e+01 1.679999999999999938e+00 1.139999999999999902e+00 5.999999999999999778e-01 1.030000000000000027e+00 4.459999999999999964e+00 4.519999999999999574e+00 3.584000000000000341e+01 9.721999999999999886e+01
2.380000000000000071e+01 1.679999999999999938e+00 1.129999999999999893e+00 5.899999999999999689e-01 1.020000000000000018e+00 4.429999999999999716e+00 4.500000000000000000e+00 3.481000000000000227e+01 9.418000000000000682e+01
2.453999999999999915e+01 1.679999999999999938e+00 1.129999999999999893e+00 5.899999999999999689e-01 1.020000000000000018e+00 4.400000000000000355e+00 4.459999999999999964e+00 3.378999999999999915e+01 9.320999999999999375e+01
2.517999999999999972e+01 1.679999999999999938e+00 1.120000000000000107e+00 5.899999999999999689e-01 1.020000000000000018e+00 4.370000000000000107e+00 4.440000000000000391e+00 3.263000000000000256e+01 9.598999999999999488e+01
2.503999999999999915e+01 1.679999999999999938e+00 1.120000000000000107e+00 5.899999999999999689e-01 1.010000000000000009e+00 4.330000000000000071e+00 4.389999999999999680e+00 3.192999999999999972e+01 9.803000000000000114e+01
2.466000000000000014e+01 1.689999999999999947e+00 1.110000000000000098e+00 5.899999999999999689e-01 1.010000000000000009e+00 4.290000000000000036e+00 4.330000000000000071e+00 3.126999999999999957e+01 1.028499999999999943e+02
2.346000000000000085e+01 1.689999999999999947e+00 1.110000000000000098e+00 5.899999999999999689e-01 1.010000000000000009e+00 4.290000000000000036e+00 4.269999999999999574e+00 3.071000000000000085e+01 1.082199999999999989e+02
2.221000000000000085e+01 1.689999999999999947e+00 1.110000000000000098e+00 5.899999999999999689e-01 1.000000000000000000e+00 4.339999999999999858e+00 4.169999999999999929e+00 2.989999999999999858e+01 1.089000000000000057e+02
2.132999999999999829e+01 1.699999999999999956e+00 1.110000000000000098e+00 5.799999999999999600e-01 1.000000000000000000e+00 4.349999999999999645e+00 4.089999999999999858e+00 2.901999999999999957e+01 1.047199999999999989e+02
2.112999999999999901e+01 1.699999999999999956e+00 1.110000000000000098e+00 5.799999999999999600e-01 9.899999999999999911e-01 4.360000000000000320e+00 4.019999999999999574e+00 2.844999999999999929e+01 1.046400000000000006e+02
2.167000000000000171e+01 1.709999999999999964e+00 1.100000000000000089e+00 5.799999999999999600e-01 9.799999999999999822e-01 4.370000000000000107e+00 4.009999999999999787e+00 2.776000000000000156e+01 1.092099999999999937e+02
2.255999999999999872e+01 1.719999999999999973e+00 1.100000000000000089e+00 5.799999999999999600e-01 9.699999999999999734e-01 4.370000000000000107e+00 3.990000000000000213e+00 2.705000000000000071e+01 1.139699999999999989e+02
2.305999999999999872e+01 1.729999999999999982e+00 1.100000000000000089e+00 5.799999999999999600e-01 9.599999999999999645e-01 4.389999999999999680e+00 3.970000000000000195e+00 2.630000000000000071e+01 1.134300000000000068e+02
2.289000000000000057e+01 1.729999999999999982e+00 1.090000000000000080e+00 5.699999999999999512e-01 9.599999999999999645e-01 4.379999999999999893e+00 3.910000000000000142e+00 2.551999999999999957e+01 1.060100000000000051e+02
2.230000000000000071e+01 1.739999999999999991e+00 1.090000000000000080e+00 5.699999999999999512e-01 9.499999999999999556e-01 4.370000000000000107e+00 3.850000000000000089e+00 2.496000000000000085e+01 9.740999999999999659e+01
2.201000000000000156e+01 1.739999999999999991e+00 1.090000000000000080e+00 5.699999999999999512e-01 9.399999999999999467e-01 4.360000000000000320e+00 3.810000000000000053e+00 2.462999999999999901e+01 8.865000000000000568e+01
2.205000000000000071e+01 1.750000000000000000e+00 1.080000000000000071e+00 5.699999999999999512e-01 9.300000000000000488e-01 4.360000000000000320e+00 3.799999999999999822e+00 2.428000000000000114e+01 8.548000000000000398e+01
2.226000000000000156e+01 1.750000000000000000e+00 1.080000000000000071e+00 5.699999999999999512e-01 9.200000000000000400e-01 4.349999999999999645e+00 3.740000000000000213e+00 2.405999999999999872e+01 8.787000000000000455e+01
2.248999999999999844e+01 1.760000000000000009e+00 1.080000000000000071e+00 5.699999999999999512e-01 9.100000000000000311e-01 4.349999999999999645e+00 3.669999999999999929e+00 2.398000000000000043e+01 9.415000000000000568e+01
2.267999999999999972e+01 1.770000000000000018e+00 1.070000000000000062e+00 5.600000000000000533e-01 9.000000000000000222e-01 4.320000000000000284e+00 3.649999999999999911e+00 2.400000000000000000e+01 1.017000000000000028e+02
2.248999999999999844e+01 1.780000000000000027e+00 1.070000000000000062e+00 5.600000000000000533e-01 9.000000000000000222e-01 4.309999999999999609e+00 3.600000000000000089e+00 2.389000000000000057e+01 1.127999999999999972e+02
2.196000000000000085e+01 1.780000000000000027e+00 1.060000000000000053e+00 5.600000000000000533e-01 9.000000000000000222e-01 4.299999999999999822e+00 3.560000000000000053e+00 2.353999999999999915e+01 1.168900000000000006e+02
2.126000000000000156e+01 1.790000000000000036e+00 1.060000000000000053e+00 5.600000000000000533e-01 9.000000000000000222e-01 4.290000000000000036e+00 3.500000000000000000e+00 2.335999999999999943e+01 1.132999999999999972e+02
2.100000000000000000e+01 1.800000000000000044e+00 1.060000000000000053e+00 5.600000000000000533e-01 8.900000000000000133e-01 4.280000000000000249e+00 3.470000000000000195e+00 2.289999999999999858e+01 1.085799999999999983e+02
2.125000000000000000e+01 1.800000000000000044e+00 1.050000000000000044e+00 5.600000000000000533e-01 8.900000000000000133e-01 4.259999999999999787e+00 3.470000000000000195e+00 2.264999999999999858e+01 1.011500000000000057e+02
2.194999999999999929e+01 1.810000000000000053e+00 1.040000000000000036e+00 5.699999999999999512e-01 8.900000000000000133e-01 4.250000000000000000e+00 3.439999999999999947e+00 2.237999999999999901e+01 9.798000000000000398e+01
2.325000000000000000e+01 1.820000000000000062e+00 1.040000000000000036e+00 5.699999999999999512e-01 8.800000000000000044e-01 4.209999999999999964e+00 3.430000000000000160e+00 2.214999999999999858e+01 9.693999999999999773e+01
2.453999999999999915e+01 1.830000000000000071e+00 1.040000000000000036e+00 5.699999999999999512e-01 8.800000000000000044e-01 4.200000000000000178e+00 3.430000000000000160e+00 2.191000000000000014e+01 9.840000000000000568e+01
2.537999999999999901e+01 1.830000000000000071e+00 1.030000000000000027e+00 5.699999999999999512e-01 8.699999999999999956e-01 4.169999999999999929e+00 3.450000000000000178e+00 2.194000000000000128e+01 1.003700000000000045e+02
2.546999999999999886e+01 1.840000000000000080e+00 1.030000000000000027e+00 5.699999999999999512e-01 8.599999999999999867e-01 4.160000000000000142e+00 3.490000000000000213e+00 2.185999999999999943e+01 1.024599999999999937e+02
2.487000000000000099e+01 1.840000000000000080e+00 1.030000000000000027e+00 5.699999999999999512e-01 8.499999999999999778e-01 4.150000000000000355e+00 3.549999999999999822e+00 2.194000000000000128e+01 1.002500000000000000e+02
2.355000000000000071e+01 1.850000000000000089e+00 1.030000000000000027e+00 5.699999999999999512e-01 8.399999999999999689e-01 4.129999999999999893e+00 3.560000000000000053e+00 2.210000000000000142e+01 9.284000000000000341e+01
2.275000000000000000e+01 1.850000000000000089e+00 1.020000000000000018e+00 5.699999999999999512e-01 8.299999999999999600e-01 4.110000000000000320e+00 3.560000000000000053e+00 2.216000000000000014e+01 8.637000000000000455e+01
2.253000000000000114e+01 1.850000000000000089e+00 1.020000000000000018e+00 5.600000000000000533e-01 8.199999999999999512e-01 4.070000000000000284e+00 3.549999999999999822e+00 2.232999999999999829e+01 8.353000000000000114e+01
2.269000000000000128e+01 1.850000000000000089e+00 1.020000000000000018e+00 5.600000000000000533e-01 8.100000000000000533e-01 4.030000000000000249e+00 3.600000000000000089e+00 2.264000000000000057e+01 8.318999999999999773e+01
2.335000000000000142e+01 1.860000000000000098e+00 1.020000000000000018e+00 5.600000000000000533e-01 8.100000000000000533e-01 4.000000000000000000e+00 3.609999999999999876e+00 2.303999999999999915e+01 8.662000000000000455e+01
2.351999999999999957e+01 1.860000000000000098e+00 1.020000000000000018e+00 5.699999999999999512e-01 8.100000000000000533e-01 4.000000000000000000e+00 3.649999999999999911e+00 2.330999999999999872e+01 9.271999999999999886e+01
2.353000000000000114e+01 1.870000000000000107e+00 1.020000000000000018e+00 5.699999999999999512e-01 8.100000000000000533e-01 3.990000000000000213e+00 3.649999999999999911e+00 2.330999999999999872e+01 1.003599999999999994e+02
2.283999999999999986e+01 1.879999999999999893e+00 1.010000000000000009e+00 5.699999999999999512e-01 8.100000000000000533e-01 3.970000000000000195e+00 3.620000000000000107e+00 2.303000000000000114e+01 1.025799999999999983e+02
2.173999999999999844e+01 1.879999999999999893e+00 1.010000000000000009e+00 5.699999999999999512e-01 8.000000000000000444e-01 3.959999999999999964e+00 3.569999999999999840e+00 2.264000000000000057e+01 1.049500000000000028e+02
2.057000000000000028e+01 1.879999999999999893e+00 1.000000000000000000e+00 5.699999999999999512e-01 8.000000000000000444e-01 3.919999999999999929e+00 3.520000000000000018e+00 2.255999999999999872e+01 1.056099999999999994e+02
1.992999999999999972e+01 1.889999999999999902e+00 1.000000000000000000e+00 5.699999999999999512e-01 7.900000000000000355e-01 3.879999999999999893e+00 3.459999999999999964e+00 2.251999999999999957e+01 1.060499999999999972e+02
1.982999999999999829e+01 1.889999999999999902e+00 9.899999999999999911e-01 5.699999999999999512e-01 7.900000000000000355e-01 3.850000000000000089e+00 3.430000000000000160e+00 2.233999999999999986e+01 1.062699999999999960e+02
2.023000000000000043e+01 1.899999999999999911e+00 9.899999999999999911e-01 5.799999999999999600e-01 7.900000000000000355e-01 3.799999999999999822e+00 3.410000000000000142e+00 2.205000000000000071e+01 1.049200000000000017e+02
2.123000000000000043e+01 1.909999999999999920e+00 9.899999999999999911e-01 5.799999999999999600e-01 7.900000000000000355e-01 3.750000000000000000e+00 3.410000000000000142e+00 2.185000000000000142e+01 1.078100000000000023e+02
2.235999999999999943e+01 1.919999999999999929e+00 9.799999999999999822e-01 5.799999999999999600e-01 7.900000000000000355e-01 3.680000000000000160e+00 3.390000000000000124e+00 2.164999999999999858e+01 1.083700000000000045e+02
2.310000000000000142e+01 1.929999999999999938e+00 9.799999999999999822e-01 5.799999999999999600e-01 7.900000000000000355e-01 3.600000000000000089e+00 3.370000000000000107e+00 2.133999999999999986e+01 1.075100000000000051e+02
2.335999999999999943e+01 1.929999999999999938e+00 9.699999999999999734e-01 5.799999999999999600e-01 7.900000000000000355e-01 3.540000000000000036e+00 3.359999999999999876e+00 2.098999999999999844e+01 1.064300000000000068e+02
2.319999999999999929e+01 1.939999999999999947e+00 9.699999999999999734e-01 5.799999999999999600e-01 7.900000000000000355e-01 3.509999999999999787e+00 3.350000000000000089e+00 2.069999999999999929e+01 1.038599999999999994e+02
2.262999999999999901e+01 1.949999999999999956e+00 9.699999999999999734e-01 5.799999999999999600e-01 7.800000000000000266e-01 3.490000000000000213e+00 3.359999999999999876e+00 2.048000000000000043e+01 9.754000000000000625e+01
2.207000000000000028e+01 1.959999999999999964e+00 9.599999999999999645e-01 5.799999999999999600e-01 7.800000000000000266e-01 3.490000000000000213e+00 3.410000000000000142e+00 2.035000000000000142e+01 9.287000000000000455e+01
2.230000000000000071e+01 1.969999999999999973e+00 9.599999999999999645e-01 5.899999999999999689e-01 7.800000000000000266e-01 3.470000000000000195e+00 3.459999999999999964e+00 2.046999999999999886e+01 8.901999999999999602e+01
2.312000000000000099e+01 1.989999999999999991e+00 9.499999999999999556e-01 5.899999999999999689e-01 7.800000000000000266e-01 3.439999999999999947e+00 3.490000000000000213e+00 2.069999999999999929e+01 8.615000000000000568e+01
2.426999999999999957e+01 2.000000000000000000e+00 9.499999999999999556e-01 5.899999999999999689e-01 7.700000000000000178e-01 3.430000000000000160e+00 3.529999999999999805e+00 2.064999999999999858e+01 8.700000000000000000e+01
2.451999999999999957e+01 2.009999999999999787e+00 9.399999999999999467e-01 5.899999999999999689e-01 7.700000000000000178e-01 3.430000000000000160e+00 3.589999999999999858e+00 2.062999999999999901e+01 9.209000000000000341e+01
