1.000000000000000000e+01
9.700001716613769531e+00
9.411703109741210938e+00
9.157107353210449219e+00
9.001751899719238281e+00
8.944032669067382812e+00
8.969850540161132812e+00
9.051492691040039062e+00
9.164688110351562500e+00
9.281641006469726562e+00
9.381895065307617188e+00
9.454792976379394531e+00
9.495708465576171875e+00
9.501126289367675781e+00
9.466520309448242188e+00
9.395710945129394531e+00
9.298323631286621094e+00
9.182512283325195312e+00
9.051375389099121094e+00
8.917846679687500000e+00
8.794469833374023438e+00
8.678686141967773438e+00
8.579701423645019531e+00
8.484634399414062500e+00
8.406810760498046875e+00
8.346457481384277344e+00
8.312550544738769531e+00
8.280561447143554688e+00
8.249950408935546875e+00
8.234264373779296875e+00
8.213430404663085938e+00
8.176012039184570312e+00
8.126265525817871094e+00
8.087350845336914062e+00
8.075332641601562500e+00
8.089438438415527344e+00
8.116834640502929688e+00
8.154642105102539062e+00
8.192405700683593750e+00
8.229970932006835938e+00
8.255653381347656250e+00
8.275657653808593750e+00
8.292211532592773438e+00
8.311993598937988281e+00
8.343711853027343750e+00
8.373940467834472656e+00
8.405771255493164062e+00
8.429246902465820312e+00
8.443416595458984375e+00
8.449244499206542969e+00
8.445201873779296875e+00
8.434908866882324219e+00
8.415582656860351562e+00
8.396591186523437500e+00
8.372702598571777344e+00
8.343749046325683594e+00
8.320137023925781250e+00
8.294619560241699219e+00
8.272264480590820312e+00
8.261397361755371094e+00
8.249932289123535156e+00
8.250351905822753906e+00
8.252303123474121094e+00
8.232706069946289062e+00
8.190291404724121094e+00
8.132989883422851562e+00
8.072511672973632812e+00
8.026363372802734375e+00
8.016916275024414062e+00
8.049162864685058594e+00
8.106277465820312500e+00
8.165397644042968750e+00
8.208081245422363281e+00
8.232183456420898438e+00
8.236886978149414062e+00
8.224899291992187500e+00
8.210907936096191406e+00
8.201375007629394531e+00
8.196243286132812500e+00
8.199860572814941406e+00
8.205148696899414062e+00
8.200783729553222656e+00
8.191871643066406250e+00
8.191717147827148438e+00
8.190625190734863281e+00
8.190730094909667969e+00
8.196283340454101562e+00
8.197803497314453125e+00
8.199411392211914062e+00
8.193874359130859375e+00
8.166266441345214844e+00
8.139576911926269531e+00
8.117144584655761719e+00
8.101178169250488281e+00
8.080077171325683594e+00
8.065087318420410156e+00
8.055558204650878906e+00
8.062865257263183594e+00
8.068285942077636719e+00
8.075760841369628906e+00
8.070630073547363281e+00
8.050634384155273438e+00
8.018153190612792969e+00
7.987680912017822266e+00
7.971080780029296875e+00
7.976404666900634766e+00
7.990715503692626953e+00
7.998861789703369141e+00
8.000879287719726562e+00
8.008679389953613281e+00
8.022705078125000000e+00
8.041440010070800781e+00
8.061322212219238281e+00
8.069360733032226562e+00
8.074026107788085938e+00
8.071411132812500000e+00
8.067271232604980469e+00
8.043230056762695312e+00
8.031044960021972656e+00
8.025514602661132812e+00
8.034406661987304688e+00
8.066936492919921875e+00
8.100323677062988281e+00
8.120512008666992188e+00
8.120547294616699219e+00
8.109737396240234375e+00
8.088517189025878906e+00
8.062850952148437500e+00
8.053401947021484375e+00
8.048902511596679688e+00
8.054753303527832031e+00
8.067451477050781250e+00
8.079074859619140625e+00
8.091173171997070312e+00
8.100596427917480469e+00
8.099061965942382812e+00
8.092689514160156250e+00
8.077228546142578125e+00
8.061396598815917969e+00
8.055051803588867188e+00
8.049561500549316406e+00
8.038964271545410156e+00
8.023145675659179688e+00
8.005083084106445312e+00
7.986839771270751953e+00
7.975640773773193359e+00
7.971352577209472656e+00
7.997484207153320312e+00
8.028093338012695312e+00
8.039057731628417969e+00
8.043313980102539062e+00
8.023372650146484375e+00
7.996102333068847656e+00
7.982582092285156250e+00
8.002538681030273438e+00
8.054135322570800781e+00
8.109024047851562500e+00
8.134187698364257812e+00
8.139832496643066406e+00
8.117419242858886719e+00
8.104029655456542969e+00
8.106966018676757812e+00
8.135033607482910156e+00
8.160683631896972656e+00
8.177845001220703125e+00
8.168385505676269531e+00
8.131503105163574219e+00
8.073091506958007812e+00
8.030327796936035156e+00
8.009330749511718750e+00
8.014270782470703125e+00
8.052106857299804688e+00
8.090358734130859375e+00
8.113335609436035156e+00
8.112730026245117188e+00
8.090886116027832031e+00
8.044951438903808594e+00
8.023601531982421875e+00
8.041550636291503906e+00
8.081369400024414062e+00
8.149930953979492188e+00
8.198054313659667969e+00
8.230173110961914062e+00
8.224229812622070312e+00
8.188580513000488281e+00
8.134840965270996094e+00
8.093964576721191406e+00
8.079782485961914062e+00
8.085235595703125000e+00
8.120558738708496094e+00
8.148955345153808594e+00
8.154302597045898438e+00
8.132861137390136719e+00
8.094648361206054688e+00
8.041804313659667969e+00
8.003736495971679688e+00
8.008218765258789062e+00
8.049935340881347656e+00
8.113527297973632812e+00
8.155562400817871094e+00
