-1.108163528442382812e+02
-1.105163574218750000e+02
-1.102168197631835938e+02
-1.099165496826171875e+02
-1.096153030395507812e+02
-1.093126525878906250e+02
-1.090086441040039062e+02
-1.087035598754882812e+02
-1.083978652954101562e+02
-1.080928421020507812e+02
-1.077891235351562500e+02
-1.074870834350585938e+02
-1.071866073608398438e+02
-1.068879470825195312e+02
-1.065918655395507812e+02
-1.062983627319335938e+02
-1.060069351196289062e+02
-1.057167892456054688e+02
-1.054282760620117188e+02
-1.051397628784179688e+02
-1.048503189086914062e+02
-1.045606307983398438e+02
-1.042700271606445312e+02
-1.039809570312500000e+02
-1.036913452148437500e+02
-1.034012908935546875e+02
-1.031094436645507812e+02
-1.028203735351562500e+02
-1.025323638916015625e+02
-1.022448425292968750e+02
-1.019590225219726562e+02
-1.016759338378906250e+02
-1.013954544067382812e+02
-1.011145629882812500e+02
-1.008331069946289062e+02
-1.005510711669921875e+02
-1.002709274291992188e+02
-9.999143981933593750e+01
-9.971472167968750000e+01
-9.943904876708984375e+01
-9.916680908203125000e+01
-9.889551544189453125e+01
-9.862468719482421875e+01
-9.835389709472656250e+01
-9.808267974853515625e+01
-9.781349945068359375e+01
-9.754500579833984375e+01
-9.728032684326171875e+01
-9.701838684082031250e+01
-9.675777435302734375e+01
-9.650035095214843750e+01
-9.624523162841796875e+01
-9.599240112304687500e+01
-9.574104309082031250e+01
-9.549215698242187500e+01
-9.524534606933593750e+01
-9.499873352050781250e+01
-9.475542449951171875e+01
-9.451496887207031250e+01
-9.427495574951171875e+01
-9.403934478759765625e+01
-9.380538940429687500e+01
-9.357370758056640625e+01
-9.335005187988281250e+01
-9.313161468505859375e+01
-9.291426086425781250e+01
-9.269577789306640625e+01
-9.247856140136718750e+01
-9.226535797119140625e+01
-9.205335998535156250e+01
-9.184378051757812500e+01
-9.163694763183593750e+01
-9.143518829345703125e+01
-9.123571014404296875e+01
-9.103778839111328125e+01
-9.084327697753906250e+01
-9.065206146240234375e+01
-9.046748352050781250e+01
-9.028543090820312500e+01
-9.010765075683593750e+01
-8.992898559570312500e+01
-8.975498962402343750e+01
-8.958644104003906250e+01
-8.941993713378906250e+01
-8.925863647460937500e+01
-8.910128784179687500e+01
-8.894438171386718750e+01
-8.878884887695312500e+01
-8.863607025146484375e+01
-8.848922729492187500e+01
-8.834606933593750000e+01
-8.820394134521484375e+01
-8.806637573242187500e+01
-8.793190002441406250e+01
-8.780101776123046875e+01
-8.767469024658203125e+01
-8.755169677734375000e+01
-8.742756652832031250e+01
-8.730899810791015625e+01
-8.719564819335937500e+01
-8.708449554443359375e+01
-8.697838592529296875e+01
-8.687618255615234375e+01
-8.677522277832031250e+01
-8.667682647705078125e+01
-8.658021545410156250e+01
-8.648167419433593750e+01
-8.638526153564453125e+01
-8.629248809814453125e+01
-8.620220184326171875e+01
-8.611630249023437500e+01
-8.603330993652343750e+01
-8.595070648193359375e+01
-8.586981964111328125e+01
-8.579154968261718750e+01
-8.571582794189453125e+01
-8.564426422119140625e+01
-8.557319641113281250e+01
-8.550420379638671875e+01
-8.543877410888671875e+01
-8.537398529052734375e+01
-8.530773162841796875e+01
-8.524232482910156250e+01
-8.517691040039062500e+01
-8.511458587646484375e+01
-8.505678558349609375e+01
-8.499701690673828125e+01
-8.493753814697265625e+01
-8.487870025634765625e+01
-8.482184600830078125e+01
-8.476570129394531250e+01
-8.471344757080078125e+01
-8.465928649902343750e+01
-8.460937500000000000e+01
-8.456066894531250000e+01
-8.451350402832031250e+01
-8.446614074707031250e+01
-8.442108917236328125e+01
-8.438066864013671875e+01
-8.434169006347656250e+01
-8.430310821533203125e+01
-8.426976776123046875e+01
-8.423904418945312500e+01
-8.421176910400390625e+01
-8.418670654296875000e+01
-8.416098022460937500e+01
-8.413705444335937500e+01
-8.411290740966796875e+01
-8.408824920654296875e+01
-8.406575012207031250e+01
-8.404306793212890625e+01
-8.402125549316406250e+01
-8.400012969970703125e+01
-8.397492980957031250e+01
-8.395266723632812500e+01
-8.393310546875000000e+01
-8.391626739501953125e+01
-8.390196228027343750e+01
-8.389656066894531250e+01
-8.389618682861328125e+01
-8.389433288574218750e+01
-8.389506530761718750e+01
-8.390286254882812500e+01
-8.391086578369140625e+01
-8.391503906250000000e+01
-8.391902160644531250e+01
-8.392031860351562500e+01
-8.392240142822265625e+01
-8.392259979248046875e+01
-8.391999053955078125e+01
-8.391811370849609375e+01
-8.391678619384765625e+01
-8.391408538818359375e+01
-8.391075897216796875e+01
-8.390876007080078125e+01
-8.390393829345703125e+01
-8.389505767822265625e+01
-8.388563537597656250e+01
-8.388109588623046875e+01
-8.387644958496093750e+01
-8.387459564208984375e+01
-8.387295532226562500e+01
-8.387147521972656250e+01
-8.386766052246093750e+01
-8.386718750000000000e+01
-8.386396026611328125e+01
-8.386338806152343750e+01
-8.385686492919921875e+01
-8.385181427001953125e+01
-8.384911346435546875e+01
-8.384656524658203125e+01
-8.384793090820312500e+01
-8.384761810302734375e+01
-8.385078430175781250e+01
-8.385600280761718750e+01
-8.386662292480468750e+01
-8.387705993652343750e+01
-8.388713073730468750e+01
-8.389584350585937500e+01
-8.390930175781250000e+01
