3.392999999999999972e+01 2.089000000000000057e+01 2.421999999999999886e+01 2.421999999999999886e+01 2.016000000000000014e+01 4.414000000000000057e+01 1.860000000000000142e+01 3.067000000000000171e+01 4.797999999999999687e+01
2.512999999999999901e+01 1.548000000000000043e+01 1.794999999999999929e+01 1.794999999999999929e+01 1.492999999999999972e+01 3.270000000000000284e+01 1.377999999999999936e+01 4.139000000000000057e+01 3.554999999999999716e+01
1.901000000000000156e+01 1.175000000000000000e+01 1.358999999999999986e+01 1.335999999999999943e+01 1.271000000000000085e+01 2.619999999999999929e+01 1.083000000000000007e+01 3.640999999999999659e+01 2.916000000000000014e+01
1.515000000000000036e+01 9.779999999999999361e+00 1.057000000000000028e+01 1.042999999999999972e+01 1.133999999999999986e+01 2.194000000000000128e+01 8.369999999999999218e+00 2.987999999999999901e+01 2.567999999999999972e+01
1.343999999999999950e+01 8.449999999999999289e+00 8.470000000000000639e+00 8.650000000000000355e+00 1.024000000000000021e+01 1.855999999999999872e+01 6.639999999999999680e+00 2.437999999999999901e+01 2.373999999999999844e+01
1.264000000000000057e+01 7.360000000000000320e+00 7.030000000000000249e+00 7.490000000000000213e+00 9.880000000000000782e+00 1.650000000000000000e+01 5.419999999999999929e+00 2.341000000000000014e+01 2.192999999999999972e+01
1.256000000000000050e+01 6.830000000000000071e+00 5.940000000000000391e+00 6.519999999999999574e+00 9.580000000000000071e+00 1.474000000000000021e+01 4.570000000000000284e+00 2.321000000000000085e+01 2.123000000000000043e+01
1.259999999999999964e+01 6.469999999999999751e+00 5.110000000000000320e+00 5.740000000000000213e+00 1.010999999999999943e+01 1.355000000000000071e+01 3.959999999999999964e+00 2.376000000000000156e+01 2.094000000000000128e+01
1.317999999999999972e+01 6.379999999999999893e+00 4.509999999999999787e+00 5.099999999999999645e+00 1.061999999999999922e+01 1.291999999999999993e+01 3.500000000000000000e+00 2.521999999999999886e+01 2.067000000000000171e+01
1.421000000000000085e+01 6.400000000000000355e+00 3.990000000000000213e+00 4.669999999999999929e+00 1.141000000000000014e+01 1.216000000000000014e+01 3.140000000000000124e+00 2.725000000000000000e+01 2.030000000000000071e+01
1.567999999999999972e+01 6.269999999999999574e+00 3.540000000000000036e+00 4.269999999999999574e+00 1.228999999999999915e+01 1.151999999999999957e+01 2.839999999999999858e+00 3.012000000000000099e+01 1.942000000000000171e+01
1.753999999999999915e+01 6.099999999999999645e+00 3.169999999999999929e+00 3.890000000000000124e+00 1.264000000000000057e+01 1.098000000000000043e+01 2.700000000000000178e+00 3.504999999999999716e+01 1.839999999999999858e+01
1.914999999999999858e+01 5.959999999999999964e+00 2.850000000000000089e+00 3.600000000000000089e+00 1.300000000000000000e+01 1.049000000000000021e+01 2.569999999999999840e+00 4.092999999999999972e+01 1.753999999999999915e+01
2.051000000000000156e+01 5.759999999999999787e+00 2.569999999999999840e+00 3.359999999999999876e+00 1.260999999999999943e+01 1.016999999999999993e+01 2.439999999999999947e+00 4.742999999999999972e+01 1.682000000000000028e+01
2.141000000000000014e+01 5.599999999999999645e+00 2.319999999999999840e+00 3.160000000000000142e+00 1.215000000000000036e+01 9.880000000000000782e+00 2.319999999999999840e+00 5.264000000000000057e+01 1.601999999999999957e+01
2.203000000000000114e+01 5.490000000000000213e+00 2.109999999999999876e+00 2.979999999999999982e+00 1.241999999999999993e+01 9.589999999999999858e+00 2.220000000000000195e+00 5.434000000000000341e+01 1.551999999999999957e+01
2.192000000000000171e+01 5.330000000000000071e+00 1.949999999999999956e+00 2.839999999999999858e+00 1.250000000000000000e+01 9.300000000000000711e+00 2.149999999999999911e+00 5.650000000000000000e+01 1.489000000000000057e+01
2.096000000000000085e+01 5.230000000000000426e+00 1.790000000000000036e+00 2.720000000000000195e+00 1.235999999999999943e+01 9.029999999999999361e+00 2.060000000000000053e+00 5.779999999999999716e+01 1.436999999999999922e+01
2.007000000000000028e+01 5.200000000000000178e+00 1.669999999999999929e+00 2.620000000000000107e+00 1.250999999999999979e+01 8.810000000000000497e+00 2.009999999999999787e+00 5.856000000000000227e+01 1.383000000000000007e+01
1.935999999999999943e+01 5.200000000000000178e+00 1.560000000000000053e+00 2.549999999999999822e+00 1.217999999999999972e+01 8.810000000000000497e+00 1.969999999999999973e+00 6.103000000000000114e+01 1.343999999999999950e+01
1.885000000000000142e+01 5.250000000000000000e+00 1.459999999999999964e+00 2.490000000000000213e+00 1.147000000000000064e+01 8.939999999999999503e+00 1.959999999999999964e+00 6.534000000000000341e+01 1.314000000000000057e+01
1.860000000000000142e+01 5.349999999999999645e+00 1.379999999999999893e+00 2.439999999999999947e+00 1.061999999999999922e+01 9.099999999999999645e+00 1.929999999999999938e+00 6.962000000000000455e+01 1.303999999999999915e+01
1.862000000000000099e+01 5.459999999999999964e+00 1.310000000000000053e+00 2.390000000000000124e+00 9.910000000000000142e+00 9.310000000000000497e+00 1.919999999999999929e+00 7.739000000000000057e+01 1.301999999999999957e+01
1.851000000000000156e+01 5.660000000000000142e+00 1.229999999999999982e+00 2.350000000000000089e+00 9.490000000000000213e+00 9.550000000000000711e+00 1.909999999999999920e+00 9.101000000000000512e+01 1.302999999999999936e+01
1.898999999999999844e+01 5.940000000000000391e+00 1.169999999999999929e+00 2.319999999999999840e+00 8.929999999999999716e+00 9.619999999999999218e+00 1.929999999999999938e+00 1.044200000000000017e+02 1.296000000000000085e+01
2.005000000000000071e+01 6.230000000000000426e+00 1.120000000000000107e+00 2.279999999999999805e+00 8.410000000000000142e+00 9.800000000000000711e+00 1.949999999999999956e+00 1.177500000000000000e+02 1.291000000000000014e+01
2.085999999999999943e+01 6.589999999999999858e+00 1.080000000000000071e+00 2.250000000000000000e+00 7.950000000000000178e+00 9.800000000000000711e+00 1.949999999999999956e+00 1.214800000000000040e+02 1.291000000000000014e+01
2.119999999999999929e+01 6.940000000000000391e+00 1.040000000000000036e+00 2.229999999999999982e+00 7.620000000000000107e+00 9.730000000000000426e+00 1.969999999999999973e+00 1.204699999999999989e+02 1.259999999999999964e+01
2.200000000000000000e+01 7.280000000000000249e+00 1.010000000000000009e+00 2.209999999999999964e+00 7.240000000000000213e+00 9.580000000000000071e+00 1.969999999999999973e+00 1.080900000000000034e+02 1.233000000000000007e+01
2.342000000000000171e+01 7.500000000000000000e+00 9.899999999999999911e-01 2.180000000000000160e+00 6.860000000000000320e+00 9.480000000000000426e+00 1.939999999999999947e+00 9.739000000000000057e+01 1.192999999999999972e+01
2.426000000000000156e+01 7.730000000000000426e+00 9.799999999999999822e-01 2.149999999999999911e+00 6.519999999999999574e+00 9.289999999999999147e+00 1.929999999999999938e+00 9.562000000000000455e+01 1.146000000000000085e+01
2.480000000000000071e+01 7.900000000000000355e+00 9.699999999999999734e-01 2.120000000000000107e+00 6.250000000000000000e+00 9.119999999999999218e+00 1.899999999999999911e+00 9.987999999999999545e+01 1.105000000000000071e+01
2.480000000000000071e+01 7.900000000000000355e+00 9.599999999999999645e-01 2.069999999999999840e+00 5.950000000000000178e+00 8.900000000000000355e+00 1.860000000000000098e+00 1.064899999999999949e+02 1.057000000000000028e+01
2.478999999999999915e+01 8.060000000000000497e+00 9.599999999999999645e-01 2.029999999999999805e+00 5.660000000000000142e+00 8.650000000000000355e+00 1.870000000000000107e+00 1.173900000000000006e+02 1.007000000000000028e+01
2.514000000000000057e+01 8.179999999999999716e+00 9.599999999999999645e-01 1.989999999999999991e+00 5.349999999999999645e+00 8.439999999999999503e+00 1.870000000000000107e+00 1.219500000000000028e+02 9.589999999999999858e+00
2.567000000000000171e+01 8.289999999999999147e+00 9.599999999999999645e-01 1.959999999999999964e+00 5.059999999999999609e+00 8.250000000000000000e+00 1.870000000000000107e+00 1.204500000000000028e+02 9.119999999999999218e+00
2.528999999999999915e+01 8.189999999999999503e+00 9.699999999999999734e-01 1.939999999999999947e+00 4.820000000000000284e+00 8.029999999999999361e+00 1.860000000000000098e+00 1.180699999999999932e+02 8.679999999999999716e+00
2.501000000000000156e+01 7.959999999999999964e+00 9.799999999999999822e-01 1.909999999999999920e+00 4.679999999999999716e+00 7.790000000000000036e+00 1.840000000000000080e+00 1.033599999999999994e+02 8.359999999999999432e+00
2.403000000000000114e+01 7.679999999999999716e+00 9.799999999999999822e-01 1.870000000000000107e+00 4.629999999999999893e+00 7.490000000000000213e+00 1.840000000000000080e+00 9.228000000000000114e+01 8.019999999999999574e+00
2.307000000000000028e+01 7.490000000000000213e+00 9.899999999999999911e-01 1.830000000000000071e+00 4.650000000000000355e+00 7.200000000000000178e+00 1.850000000000000089e+00 8.709000000000000341e+01 7.809999999999999609e+00
2.278000000000000114e+01 7.490000000000000213e+00 1.000000000000000000e+00 1.800000000000000044e+00 4.719999999999999751e+00 6.919999999999999929e+00 1.830000000000000071e+00 8.437999999999999545e+01 7.530000000000000249e+00
2.294999999999999929e+01 7.530000000000000249e+00 1.010000000000000009e+00 1.770000000000000018e+00 4.790000000000000036e+00 6.610000000000000320e+00 1.790000000000000036e+00 8.450000000000000000e+01 7.259999999999999787e+00
2.289000000000000057e+01 7.540000000000000036e+00 1.020000000000000018e+00 1.739999999999999991e+00 4.839999999999999858e+00 6.330000000000000071e+00 1.760000000000000009e+00 8.414000000000000057e+01 7.030000000000000249e+00
2.275000000000000000e+01 7.580000000000000071e+00 1.020000000000000018e+00 1.709999999999999964e+00 4.919999999999999929e+00 6.040000000000000036e+00 1.739999999999999991e+00 8.425000000000000000e+01 6.839999999999999858e+00
2.260000000000000142e+01 7.700000000000000178e+00 1.030000000000000027e+00 1.679999999999999938e+00 4.919999999999999929e+00 5.799999999999999822e+00 1.699999999999999956e+00 8.451000000000000512e+01 6.690000000000000391e+00
2.189999999999999858e+01 7.860000000000000320e+00 1.030000000000000027e+00 1.659999999999999920e+00 4.919999999999999929e+00 5.599999999999999645e+00 1.669999999999999929e+00 8.753000000000000114e+01 6.480000000000000426e+00
2.032000000000000028e+01 8.019999999999999574e+00 1.040000000000000036e+00 1.649999999999999911e+00 4.870000000000000107e+00 5.429999999999999716e+00 1.639999999999999902e+00 9.365999999999999659e+01 6.230000000000000426e+00
1.869999999999999929e+01 8.310000000000000497e+00 1.050000000000000044e+00 1.639999999999999902e+00 4.650000000000000355e+00 5.240000000000000213e+00 1.620000000000000107e+00 9.768999999999999773e+01 6.000000000000000000e+00
1.730999999999999872e+01 8.630000000000000782e+00 1.050000000000000044e+00 1.629999999999999893e+00 4.500000000000000000e+00 5.099999999999999645e+00 1.600000000000000089e+00 1.003100000000000023e+02 5.799999999999999822e+00
1.603000000000000114e+01 8.919999999999999929e+00 1.060000000000000053e+00 1.620000000000000107e+00 4.339999999999999858e+00 4.940000000000000391e+00 1.560000000000000053e+00 1.019599999999999937e+02 5.629999999999999893e+00
1.482000000000000028e+01 9.470000000000000639e+00 1.060000000000000053e+00 1.600000000000000089e+00 4.209999999999999964e+00 4.820000000000000284e+00 1.520000000000000018e+00 9.726000000000000512e+01 5.480000000000000426e+00
1.391000000000000014e+01 9.910000000000000142e+00 1.070000000000000062e+00 1.590000000000000080e+00 4.080000000000000071e+00 4.719999999999999751e+00 1.510000000000000009e+00 8.996999999999999886e+01 5.309999999999999609e+00
1.334999999999999964e+01 1.050999999999999979e+01 1.070000000000000062e+00 1.580000000000000071e+00 3.950000000000000178e+00 4.620000000000000107e+00 1.489999999999999991e+00 8.662000000000000455e+01 5.150000000000000355e+00
1.302999999999999936e+01 1.116000000000000014e+01 1.070000000000000062e+00 1.570000000000000062e+00 3.870000000000000107e+00 4.519999999999999574e+00 1.459999999999999964e+00 8.668000000000000682e+01 4.969999999999999751e+00
1.291000000000000014e+01 1.208999999999999986e+01 1.070000000000000062e+00 1.550000000000000044e+00 3.850000000000000089e+00 4.440000000000000391e+00 1.439999999999999947e+00 8.695000000000000284e+01 4.870000000000000107e+00
1.299000000000000021e+01 1.319999999999999929e+01 1.070000000000000062e+00 1.540000000000000036e+00 3.810000000000000053e+00 4.379999999999999893e+00 1.429999999999999938e+00 8.951999999999999602e+01 4.759999999999999787e+00
1.325999999999999979e+01 1.448000000000000043e+01 1.070000000000000062e+00 1.520000000000000018e+00 3.819999999999999840e+00 4.339999999999999858e+00 1.419999999999999929e+00 9.296999999999999886e+01 4.669999999999999929e+00
1.365000000000000036e+01 1.519999999999999929e+01 1.080000000000000071e+00 1.500000000000000000e+00 3.859999999999999876e+00 4.290000000000000036e+00 1.419999999999999929e+00 9.507999999999999829e+01 4.570000000000000284e+00
1.400999999999999979e+01 1.632000000000000028e+01 1.070000000000000062e+00 1.479999999999999982e+00 3.899999999999999911e+00 4.240000000000000213e+00 1.429999999999999938e+00 9.514000000000000057e+01 4.490000000000000213e+00
1.427999999999999936e+01 1.682999999999999829e+01 1.070000000000000062e+00 1.469999999999999973e+00 3.910000000000000142e+00 4.240000000000000213e+00 1.419999999999999929e+00 9.712000000000000455e+01 4.419999999999999929e+00
1.450000000000000000e+01 1.619999999999999929e+01 1.070000000000000062e+00 1.459999999999999964e+00 3.950000000000000178e+00 4.240000000000000213e+00 1.419999999999999929e+00 1.016200000000000045e+02 4.330000000000000071e+00
1.483000000000000007e+01 1.523000000000000043e+01 1.070000000000000062e+00 1.449999999999999956e+00 3.970000000000000195e+00 4.250000000000000000e+00 1.419999999999999929e+00 1.057300000000000040e+02 4.259999999999999787e+00
1.516999999999999993e+01 1.408999999999999986e+01 1.070000000000000062e+00 1.449999999999999956e+00 3.970000000000000195e+00 4.250000000000000000e+00 1.409999999999999920e+00 1.085600000000000023e+02 4.219999999999999751e+00
1.552999999999999936e+01 1.291000000000000014e+01 1.080000000000000071e+00 1.449999999999999956e+00 3.939999999999999947e+00 4.259999999999999787e+00 1.399999999999999911e+00 1.112300000000000040e+02 4.179999999999999716e+00
1.588000000000000078e+01 1.189000000000000057e+01 1.080000000000000071e+00 1.449999999999999956e+00 3.930000000000000160e+00 4.269999999999999574e+00 1.399999999999999911e+00 1.140499999999999972e+02 4.160000000000000142e+00
1.625000000000000000e+01 1.092999999999999972e+01 1.080000000000000071e+00 1.449999999999999956e+00 3.870000000000000107e+00 4.269999999999999574e+00 1.389999999999999902e+00 1.171500000000000057e+02 4.129999999999999893e+00
1.694999999999999929e+01 1.028999999999999915e+01 1.090000000000000080e+00 1.449999999999999956e+00 3.810000000000000053e+00 4.299999999999999822e+00 1.399999999999999911e+00 1.172699999999999960e+02 4.089999999999999858e+00
1.787000000000000099e+01 9.730000000000000426e+00 1.090000000000000080e+00 1.449999999999999956e+00 3.750000000000000000e+00 4.330000000000000071e+00 1.399999999999999911e+00 1.158799999999999955e+02 4.080000000000000071e+00
1.921999999999999886e+01 9.210000000000000853e+00 1.090000000000000080e+00 1.449999999999999956e+00 3.689999999999999947e+00 4.320000000000000284e+00 1.379999999999999893e+00 1.117699999999999960e+02 4.059999999999999609e+00
2.076999999999999957e+01 8.830000000000000071e+00 1.090000000000000080e+00 1.439999999999999947e+00 3.669999999999999929e+00 4.320000000000000284e+00 1.360000000000000098e+00 1.083900000000000006e+02 4.059999999999999609e+00
2.210000000000000142e+01 8.539999999999999147e+00 1.090000000000000080e+00 1.439999999999999947e+00 3.649999999999999911e+00 4.299999999999999822e+00 1.350000000000000089e+00 1.055699999999999932e+02 4.089999999999999858e+00
2.332000000000000028e+01 8.269999999999999574e+00 1.090000000000000080e+00 1.439999999999999947e+00 3.629999999999999893e+00 4.299999999999999822e+00 1.340000000000000080e+00 1.030300000000000011e+02 4.089999999999999858e+00
2.391000000000000014e+01 7.860000000000000320e+00 1.090000000000000080e+00 1.449999999999999956e+00 3.629999999999999893e+00 4.309999999999999609e+00 1.330000000000000071e+00 9.479000000000000625e+01 4.080000000000000071e+00
2.353000000000000114e+01 7.459999999999999964e+00 1.100000000000000089e+00 1.449999999999999956e+00 3.609999999999999876e+00 4.299999999999999822e+00 1.300000000000000044e+00 8.779999999999999716e+01 4.089999999999999858e+00
2.210999999999999943e+01 6.980000000000000426e+00 1.100000000000000089e+00 1.449999999999999956e+00 3.600000000000000089e+00 4.309999999999999609e+00 1.280000000000000027e+00 8.210999999999999943e+01 4.120000000000000107e+00
2.123999999999999844e+01 6.599999999999999645e+00 1.100000000000000089e+00 1.459999999999999964e+00 3.569999999999999840e+00 4.309999999999999609e+00 1.270000000000000018e+00 7.987000000000000455e+01 4.139999999999999680e+00
2.037000000000000099e+01 6.309999999999999609e+00 1.110000000000000098e+00 1.459999999999999964e+00 3.520000000000000018e+00 4.320000000000000284e+00 1.270000000000000018e+00 8.234000000000000341e+01 4.129999999999999893e+00
2.001999999999999957e+01 6.040000000000000036e+00 1.110000000000000098e+00 1.459999999999999964e+00 3.490000000000000213e+00 4.339999999999999858e+00 1.280000000000000027e+00 8.960999999999999943e+01 4.080000000000000071e+00
2.012000000000000099e+01 5.820000000000000284e+00 1.110000000000000098e+00 1.459999999999999964e+00 3.490000000000000213e+00 4.389999999999999680e+00 1.300000000000000044e+00 1.002900000000000063e+02 4.059999999999999609e+00
2.017999999999999972e+01 5.610000000000000320e+00 1.110000000000000098e+00 1.459999999999999964e+00 3.450000000000000178e+00 4.469999999999999751e+00 1.300000000000000044e+00 1.087399999999999949e+02 4.049999999999999822e+00
2.012999999999999901e+01 5.410000000000000142e+00 1.110000000000000098e+00 1.449999999999999956e+00 3.410000000000000142e+00 4.549999999999999822e+00 1.300000000000000044e+00 1.110000000000000000e+02 4.030000000000000249e+00
1.994999999999999929e+01 5.219999999999999751e+00 1.110000000000000098e+00 1.449999999999999956e+00 3.370000000000000107e+00 4.669999999999999929e+00 1.310000000000000053e+00 1.082300000000000040e+02 4.019999999999999574e+00
1.989999999999999858e+01 5.030000000000000249e+00 1.110000000000000098e+00 1.439999999999999947e+00 3.330000000000000071e+00 4.769999999999999574e+00 1.310000000000000053e+00 1.037999999999999972e+02 4.000000000000000000e+00
1.989000000000000057e+01 4.879999999999999893e+00 1.110000000000000098e+00 1.429999999999999938e+00 3.290000000000000036e+00 4.870000000000000107e+00 1.310000000000000053e+00 1.002900000000000063e+02 3.970000000000000195e+00
1.976000000000000156e+01 4.750000000000000000e+00 1.110000000000000098e+00 1.429999999999999938e+00 3.290000000000000036e+00 4.980000000000000426e+00 1.310000000000000053e+00 1.012099999999999937e+02 3.930000000000000160e+00
1.964000000000000057e+01 4.610000000000000320e+00 1.110000000000000098e+00 1.409999999999999920e+00 3.290000000000000036e+00 5.089999999999999858e+00 1.330000000000000071e+00 1.032999999999999972e+02 3.919999999999999929e+00
1.928000000000000114e+01 4.500000000000000000e+00 1.100000000000000089e+00 1.399999999999999911e+00 3.310000000000000053e+00 5.209999999999999964e+00 1.330000000000000071e+00 1.061500000000000057e+02 3.910000000000000142e+00
1.905999999999999872e+01 4.389999999999999680e+00 1.100000000000000089e+00 1.389999999999999902e+00 3.310000000000000053e+00 5.299999999999999822e+00 1.320000000000000062e+00 1.058799999999999955e+02 3.899999999999999911e+00
1.876000000000000156e+01 4.269999999999999574e+00 1.100000000000000089e+00 1.389999999999999902e+00 3.330000000000000071e+00 5.370000000000000107e+00 1.310000000000000053e+00 1.049899999999999949e+02 3.890000000000000124e+00
1.869999999999999929e+01 4.190000000000000391e+00 1.100000000000000089e+00 1.370000000000000107e+00 3.359999999999999876e+00 5.429999999999999716e+00 1.310000000000000053e+00 1.031599999999999966e+02 3.870000000000000107e+00
1.889999999999999858e+01 4.110000000000000320e+00 1.090000000000000080e+00 1.370000000000000107e+00 3.379999999999999893e+00 5.480000000000000426e+00 1.320000000000000062e+00 1.036599999999999966e+02 3.850000000000000089e+00
1.946999999999999886e+01 4.049999999999999822e+00 1.090000000000000080e+00 1.360000000000000098e+00 3.379999999999999893e+00 5.530000000000000249e+00 1.330000000000000071e+00 1.014399999999999977e+02 3.830000000000000071e+00
2.007000000000000028e+01 3.979999999999999982e+00 1.090000000000000080e+00 1.350000000000000089e+00 3.370000000000000107e+00 5.599999999999999645e+00 1.350000000000000089e+00 9.712000000000000455e+01 3.790000000000000036e+00
2.069000000000000128e+01 3.919999999999999929e+00 1.080000000000000071e+00 1.340000000000000080e+00 3.359999999999999876e+00 5.660000000000000142e+00 1.370000000000000107e+00 9.535999999999999943e+01 3.759999999999999787e+00
2.119999999999999929e+01 3.859999999999999876e+00 1.090000000000000080e+00 1.330000000000000071e+00 3.350000000000000089e+00 5.730000000000000426e+00 1.389999999999999902e+00 9.606000000000000227e+01 3.729999999999999982e+00
2.132999999999999829e+01 3.799999999999999822e+00 1.090000000000000080e+00 1.330000000000000071e+00 3.359999999999999876e+00 5.759999999999999787e+00 1.419999999999999929e+00 9.515000000000000568e+01 3.720000000000000195e+00
2.141000000000000014e+01 3.740000000000000213e+00 1.090000000000000080e+00 1.320000000000000062e+00 3.370000000000000107e+00 5.790000000000000036e+00 1.439999999999999947e+00 9.764000000000000057e+01 3.709999999999999964e+00
2.092000000000000171e+01 3.680000000000000160e+00 1.090000000000000080e+00 1.310000000000000053e+00 3.379999999999999893e+00 5.820000000000000284e+00 1.469999999999999973e+00 9.817000000000000171e+01 3.709999999999999964e+00
2.023999999999999844e+01 3.620000000000000107e+00 1.090000000000000080e+00 1.310000000000000053e+00 3.390000000000000124e+00 5.849999999999999645e+00 1.510000000000000009e+00 9.851999999999999602e+01 3.729999999999999982e+00
1.992999999999999972e+01 3.569999999999999840e+00 1.090000000000000080e+00 1.300000000000000044e+00 3.390000000000000124e+00 5.870000000000000107e+00 1.570000000000000062e+00 1.014800000000000040e+02 3.740000000000000213e+00
1.966000000000000014e+01 3.540000000000000036e+00 1.090000000000000080e+00 1.300000000000000044e+00 3.379999999999999893e+00 5.889999999999999680e+00 1.620000000000000107e+00 1.057699999999999960e+02 3.759999999999999787e+00
1.957000000000000028e+01 3.500000000000000000e+00 1.090000000000000080e+00 1.310000000000000053e+00 3.379999999999999893e+00 5.900000000000000355e+00 1.699999999999999956e+00 1.092999999999999972e+02 3.759999999999999787e+00
1.960999999999999943e+01 3.470000000000000195e+00 1.090000000000000080e+00 1.300000000000000044e+00 3.359999999999999876e+00 5.910000000000000142e+00 1.760000000000000009e+00 1.124699999999999989e+02 3.750000000000000000e+00
1.971999999999999886e+01 3.450000000000000178e+00 1.090000000000000080e+00 1.300000000000000044e+00 3.370000000000000107e+00 5.950000000000000178e+00 1.820000000000000062e+00 1.127500000000000000e+02 3.740000000000000213e+00
1.991000000000000014e+01 3.410000000000000142e+00 1.090000000000000080e+00 1.300000000000000044e+00 3.379999999999999893e+00 5.940000000000000391e+00 1.879999999999999893e+00 1.114099999999999966e+02 3.759999999999999787e+00
2.003000000000000114e+01 3.379999999999999893e+00 1.090000000000000080e+00 1.310000000000000053e+00 3.410000000000000142e+00 5.950000000000000178e+00 1.949999999999999956e+00 1.061200000000000045e+02 3.759999999999999787e+00
2.028000000000000114e+01 3.350000000000000089e+00 1.080000000000000071e+00 1.310000000000000053e+00 3.439999999999999947e+00 5.950000000000000178e+00 2.000000000000000000e+00 1.022900000000000063e+02 3.770000000000000018e+00
2.071999999999999886e+01 3.319999999999999840e+00 1.080000000000000071e+00 1.310000000000000053e+00 3.459999999999999964e+00 5.980000000000000426e+00 2.060000000000000053e+00 9.826000000000000512e+01 3.770000000000000018e+00
2.108999999999999986e+01 3.279999999999999805e+00 1.070000000000000062e+00 1.310000000000000053e+00 3.439999999999999947e+00 6.000000000000000000e+00 2.109999999999999876e+00 9.696999999999999886e+01 3.779999999999999805e+00
2.117000000000000171e+01 3.250000000000000000e+00 1.070000000000000062e+00 1.310000000000000053e+00 3.419999999999999929e+00 5.990000000000000213e+00 2.149999999999999911e+00 9.737999999999999545e+01 3.790000000000000036e+00
2.071999999999999886e+01 3.209999999999999964e+00 1.070000000000000062e+00 1.310000000000000053e+00 3.390000000000000124e+00 5.990000000000000213e+00 2.209999999999999964e+00 1.009500000000000028e+02 3.790000000000000036e+00
2.010999999999999943e+01 3.180000000000000160e+00 1.070000000000000062e+00 1.310000000000000053e+00 3.350000000000000089e+00 6.030000000000000249e+00 2.250000000000000000e+00 1.055199999999999960e+02 3.790000000000000036e+00
1.939999999999999858e+01 3.140000000000000124e+00 1.070000000000000062e+00 1.300000000000000044e+00 3.310000000000000053e+00 6.089999999999999858e+00 2.270000000000000018e+00 1.097000000000000028e+02 3.799999999999999822e+00
1.858999999999999986e+01 3.109999999999999876e+00 1.070000000000000062e+00 1.300000000000000044e+00 3.279999999999999805e+00 6.129999999999999893e+00 2.310000000000000053e+00 1.114000000000000057e+02 3.790000000000000036e+00
1.814000000000000057e+01 3.080000000000000071e+00 1.070000000000000062e+00 1.300000000000000044e+00 3.279999999999999805e+00 6.169999999999999929e+00 2.370000000000000107e+00 1.115199999999999960e+02 3.790000000000000036e+00
1.801999999999999957e+01 3.060000000000000053e+00 1.070000000000000062e+00 1.300000000000000044e+00 3.270000000000000018e+00 6.179999999999999716e+00 2.419999999999999929e+00 1.113199999999999932e+02 3.770000000000000018e+00
1.817000000000000171e+01 3.049999999999999822e+00 1.070000000000000062e+00 1.300000000000000044e+00 3.250000000000000000e+00 6.219999999999999751e+00 2.439999999999999947e+00 1.099399999999999977e+02 3.759999999999999787e+00
1.862000000000000099e+01 3.040000000000000036e+00 1.070000000000000062e+00 1.300000000000000044e+00 3.209999999999999964e+00 6.259999999999999787e+00 2.479999999999999982e+00 1.081099999999999994e+02 3.750000000000000000e+00
1.912000000000000099e+01 3.040000000000000036e+00 1.070000000000000062e+00 1.300000000000000044e+00 3.180000000000000160e+00 6.309999999999999609e+00 2.520000000000000018e+00 1.021200000000000045e+02 3.729999999999999982e+00
1.982000000000000028e+01 3.040000000000000036e+00 1.060000000000000053e+00 1.290000000000000036e+00 3.169999999999999929e+00 6.400000000000000355e+00 2.549999999999999822e+00 9.784000000000000341e+01 3.729999999999999982e+00
2.048999999999999844e+01 3.040000000000000036e+00 1.060000000000000053e+00 1.290000000000000036e+00 3.169999999999999929e+00 6.490000000000000213e+00 2.580000000000000071e+00 9.753000000000000114e+01 3.729999999999999982e+00
2.087000000000000099e+01 3.029999999999999805e+00 1.060000000000000053e+00 1.280000000000000027e+00 3.169999999999999929e+00 6.549999999999999822e+00 2.640000000000000124e+00 9.545999999999999375e+01 3.720000000000000195e+00
2.082999999999999829e+01 3.029999999999999805e+00 1.060000000000000053e+00 1.280000000000000027e+00 3.160000000000000142e+00 6.580000000000000071e+00 2.740000000000000213e+00 9.229000000000000625e+01 3.720000000000000195e+00
2.044999999999999929e+01 3.029999999999999805e+00 1.050000000000000044e+00 1.280000000000000027e+00 3.120000000000000107e+00 6.580000000000000071e+00 2.810000000000000053e+00 9.179000000000000625e+01 3.709999999999999964e+00
1.991000000000000014e+01 3.040000000000000036e+00 1.050000000000000044e+00 1.280000000000000027e+00 3.089999999999999858e+00 6.559999999999999609e+00 2.819999999999999840e+00 9.196999999999999886e+01 3.689999999999999947e+00
1.937999999999999901e+01 3.040000000000000036e+00 1.040000000000000036e+00 1.280000000000000027e+00 3.049999999999999822e+00 6.519999999999999574e+00 2.810000000000000053e+00 9.454000000000000625e+01 3.669999999999999929e+00
1.901999999999999957e+01 3.040000000000000036e+00 1.030000000000000027e+00 1.280000000000000027e+00 3.029999999999999805e+00 6.500000000000000000e+00 2.779999999999999805e+00 9.965000000000000568e+01 3.669999999999999929e+00
1.885000000000000142e+01 3.040000000000000036e+00 1.020000000000000018e+00 1.280000000000000027e+00 3.009999999999999787e+00 6.450000000000000178e+00 2.759999999999999787e+00 1.072000000000000028e+02 3.669999999999999929e+00
1.878000000000000114e+01 3.049999999999999822e+00 1.010000000000000009e+00 1.280000000000000027e+00 3.000000000000000000e+00 6.360000000000000320e+00 2.720000000000000195e+00 1.143299999999999983e+02 3.680000000000000160e+00
1.862000000000000099e+01 3.049999999999999822e+00 1.010000000000000009e+00 1.280000000000000027e+00 3.000000000000000000e+00 6.280000000000000249e+00 2.680000000000000160e+00 1.169699999999999989e+02 3.669999999999999929e+00
1.853999999999999915e+01 3.049999999999999822e+00 1.000000000000000000e+00 1.280000000000000027e+00 2.990000000000000213e+00 6.209999999999999964e+00 2.609999999999999876e+00 1.134899999999999949e+02 3.669999999999999929e+00
1.853999999999999915e+01 3.060000000000000053e+00 9.899999999999999911e-01 1.280000000000000027e+00 2.990000000000000213e+00 6.110000000000000320e+00 2.549999999999999822e+00 1.082600000000000051e+02 3.649999999999999911e+00
1.873999999999999844e+01 3.069999999999999840e+00 9.899999999999999911e-01 1.280000000000000027e+00 2.970000000000000195e+00 6.019999999999999574e+00 2.479999999999999982e+00 1.039500000000000028e+02 3.640000000000000124e+00
1.919999999999999929e+01 3.080000000000000071e+00 9.799999999999999822e-01 1.280000000000000027e+00 2.930000000000000160e+00 5.950000000000000178e+00 2.439999999999999947e+00 9.881000000000000227e+01 3.620000000000000107e+00
1.994000000000000128e+01 3.089999999999999858e+00 9.799999999999999822e-01 1.280000000000000027e+00 2.890000000000000124e+00 5.919999999999999929e+00 2.379999999999999893e+00 9.765000000000000568e+01 3.589999999999999858e+00
2.062000000000000099e+01 3.109999999999999876e+00 9.699999999999999734e-01 1.280000000000000027e+00 2.859999999999999876e+00 5.889999999999999680e+00 2.310000000000000053e+00 9.771999999999999886e+01 3.580000000000000071e+00
2.107000000000000028e+01 3.129999999999999893e+00 9.699999999999999734e-01 1.280000000000000027e+00 2.819999999999999840e+00 5.889999999999999680e+00 2.209999999999999964e+00 9.831999999999999318e+01 3.580000000000000071e+00
2.112000000000000099e+01 3.140000000000000124e+00 9.599999999999999645e-01 1.290000000000000036e+00 2.770000000000000018e+00 5.860000000000000320e+00 2.120000000000000107e+00 9.718999999999999773e+01 3.589999999999999858e+00
2.076000000000000156e+01 3.149999999999999911e+00 9.599999999999999645e-01 1.290000000000000036e+00 2.759999999999999787e+00 5.790000000000000036e+00 2.029999999999999805e+00 9.776999999999999602e+01 3.589999999999999858e+00
2.033999999999999986e+01 3.160000000000000142e+00 9.499999999999999556e-01 1.290000000000000036e+00 2.750000000000000000e+00 5.750000000000000000e+00 1.969999999999999973e+00 1.009899999999999949e+02 3.580000000000000071e+00
1.978999999999999915e+01 3.160000000000000142e+00 9.499999999999999556e-01 1.290000000000000036e+00 2.729999999999999982e+00 5.700000000000000178e+00 1.909999999999999920e+00 1.024500000000000028e+02 3.580000000000000071e+00
1.939999999999999858e+01 3.169999999999999929e+00 9.399999999999999467e-01 1.290000000000000036e+00 2.709999999999999964e+00 5.650000000000000355e+00 1.850000000000000089e+00 1.047099999999999937e+02 3.580000000000000071e+00
1.910999999999999943e+01 3.180000000000000160e+00 9.399999999999999467e-01 1.290000000000000036e+00 2.689999999999999947e+00 5.610000000000000320e+00 1.800000000000000044e+00 1.069599999999999937e+02 3.560000000000000053e+00
1.917999999999999972e+01 3.180000000000000160e+00 9.300000000000000488e-01 1.290000000000000036e+00 2.669999999999999929e+00 5.549999999999999822e+00 1.739999999999999991e+00 1.059899999999999949e+02 3.540000000000000036e+00
1.960000000000000142e+01 3.180000000000000160e+00 9.300000000000000488e-01 1.290000000000000036e+00 2.640000000000000124e+00 5.530000000000000249e+00 1.679999999999999938e+00 1.055699999999999932e+02 3.520000000000000018e+00
1.996999999999999886e+01 3.180000000000000160e+00 9.300000000000000488e-01 1.290000000000000036e+00 2.600000000000000089e+00 5.490000000000000213e+00 1.639999999999999902e+00 1.026200000000000045e+02 3.490000000000000213e+00
2.032000000000000028e+01 3.189999999999999947e+00 9.200000000000000400e-01 1.280000000000000027e+00 2.560000000000000053e+00 5.400000000000000355e+00 1.600000000000000089e+00 1.003400000000000034e+02 3.459999999999999964e+00
2.080999999999999872e+01 3.200000000000000178e+00 9.200000000000000400e-01 1.280000000000000027e+00 2.520000000000000018e+00 5.330000000000000071e+00 1.550000000000000044e+00 1.007699999999999960e+02 3.419999999999999929e+00
2.080999999999999872e+01 3.200000000000000178e+00 9.100000000000000311e-01 1.280000000000000027e+00 2.470000000000000195e+00 5.269999999999999574e+00 1.500000000000000000e+00 1.015199999999999960e+02 3.390000000000000124e+00
2.066000000000000014e+01 3.200000000000000178e+00 9.100000000000000311e-01 1.280000000000000027e+00 2.430000000000000160e+00 5.200000000000000178e+00 1.439999999999999947e+00 1.040499999999999972e+02 3.359999999999999876e+00
2.019000000000000128e+01 3.200000000000000178e+00 9.000000000000000222e-01 1.280000000000000027e+00 2.379999999999999893e+00 5.129999999999999893e+00 1.399999999999999911e+00 1.039300000000000068e+02 3.319999999999999840e+00
1.964999999999999858e+01 3.209999999999999964e+00 9.000000000000000222e-01 1.280000000000000027e+00 2.339999999999999858e+00 5.080000000000000071e+00 1.379999999999999893e+00 1.041700000000000017e+02 3.310000000000000053e+00
1.878000000000000114e+01 3.200000000000000178e+00 8.900000000000000133e-01 1.280000000000000027e+00 2.319999999999999840e+00 5.040000000000000036e+00 1.360000000000000098e+00 1.057500000000000000e+02 3.270000000000000018e+00
1.839000000000000057e+01 3.200000000000000178e+00 8.900000000000000133e-01 1.280000000000000027e+00 2.279999999999999805e+00 5.009999999999999787e+00 1.350000000000000089e+00 1.090799999999999983e+02 3.229999999999999982e+00
1.819999999999999929e+01 3.189999999999999947e+00 8.900000000000000133e-01 1.270000000000000018e+00 2.250000000000000000e+00 4.950000000000000178e+00 1.340000000000000080e+00 1.118400000000000034e+02 3.189999999999999947e+00
1.828999999999999915e+01 3.189999999999999947e+00 8.900000000000000133e-01 1.270000000000000018e+00 2.200000000000000178e+00 4.870000000000000107e+00 1.320000000000000062e+00 1.138900000000000006e+02 3.149999999999999911e+00
1.855000000000000071e+01 3.189999999999999947e+00 8.800000000000000044e-01 1.270000000000000018e+00 2.160000000000000142e+00 4.790000000000000036e+00 1.300000000000000044e+00 1.149699999999999989e+02 3.129999999999999893e+00
1.898000000000000043e+01 3.180000000000000160e+00 8.800000000000000044e-01 1.260000000000000009e+00 2.129999999999999893e+00 4.719999999999999751e+00 1.290000000000000036e+00 1.140699999999999932e+02 3.100000000000000089e+00
1.942000000000000171e+01 3.180000000000000160e+00 8.800000000000000044e-01 1.260000000000000009e+00 2.100000000000000089e+00 4.679999999999999716e+00 1.280000000000000027e+00 1.115400000000000063e+02 3.069999999999999840e+00
1.996000000000000085e+01 3.180000000000000160e+00 8.800000000000000044e-01 1.250000000000000000e+00 2.069999999999999840e+00 4.639999999999999680e+00 1.270000000000000018e+00 1.108700000000000045e+02 3.029999999999999805e+00
2.035999999999999943e+01 3.169999999999999929e+00 8.800000000000000044e-01 1.250000000000000000e+00 2.040000000000000036e+00 4.610000000000000320e+00 1.260000000000000009e+00 1.076099999999999994e+02 3.000000000000000000e+00
2.033999999999999986e+01 3.160000000000000142e+00 8.699999999999999956e-01 1.250000000000000000e+00 2.009999999999999787e+00 4.540000000000000036e+00 1.239999999999999991e+00 9.518999999999999773e+01 2.970000000000000195e+00
2.023000000000000043e+01 3.140000000000000124e+00 8.699999999999999956e-01 1.250000000000000000e+00 2.000000000000000000e+00 4.480000000000000426e+00 1.229999999999999982e+00 8.610999999999999943e+01 2.930000000000000160e+00
2.021999999999999886e+01 3.129999999999999893e+00 8.699999999999999956e-01 1.239999999999999991e+00 1.989999999999999991e+00 4.440000000000000391e+00 1.229999999999999982e+00 8.137999999999999545e+01 2.879999999999999893e+00
2.060999999999999943e+01 3.120000000000000107e+00 8.699999999999999956e-01 1.239999999999999991e+00 1.979999999999999982e+00 4.410000000000000142e+00 1.229999999999999982e+00 8.095000000000000284e+01 2.839999999999999858e+00
2.107999999999999829e+01 3.109999999999999876e+00 8.699999999999999956e-01 1.229999999999999982e+00 1.969999999999999973e+00 4.400000000000000355e+00 1.219999999999999973e+00 8.587999999999999545e+01 2.819999999999999840e+00
2.139000000000000057e+01 3.100000000000000089e+00 8.699999999999999956e-01 1.229999999999999982e+00 1.959999999999999964e+00 4.379999999999999893e+00 1.219999999999999973e+00 9.229999999999999716e+01 2.799999999999999822e+00
2.091000000000000014e+01 3.089999999999999858e+00 8.699999999999999956e-01 1.219999999999999973e+00 1.939999999999999947e+00 4.370000000000000107e+00 1.229999999999999982e+00 9.750000000000000000e+01 2.790000000000000036e+00
2.007999999999999829e+01 3.060000000000000053e+00 8.800000000000000044e-01 1.219999999999999973e+00 1.919999999999999929e+00 4.370000000000000107e+00 1.229999999999999982e+00 1.032600000000000051e+02 2.779999999999999805e+00
1.912000000000000099e+01 3.040000000000000036e+00 8.800000000000000044e-01 1.219999999999999973e+00 1.899999999999999911e+00 4.349999999999999645e+00 1.239999999999999991e+00 1.057999999999999972e+02 2.779999999999999805e+00
1.812000000000000099e+01 3.009999999999999787e+00 8.800000000000000044e-01 1.219999999999999973e+00 1.879999999999999893e+00 4.299999999999999822e+00 1.239999999999999991e+00 1.056299999999999955e+02 2.770000000000000018e+00
1.751000000000000156e+01 2.990000000000000213e+00 8.800000000000000044e-01 1.219999999999999973e+00 1.870000000000000107e+00 4.290000000000000036e+00 1.239999999999999991e+00 1.036599999999999966e+02 2.779999999999999805e+00
1.742999999999999972e+01 2.970000000000000195e+00 8.900000000000000133e-01 1.219999999999999973e+00 1.860000000000000098e+00 4.250000000000000000e+00 1.250000000000000000e+00 1.028100000000000023e+02 2.779999999999999805e+00
1.780999999999999872e+01 2.959999999999999964e+00 8.900000000000000133e-01 1.219999999999999973e+00 1.840000000000000080e+00 4.200000000000000178e+00 1.260000000000000009e+00 1.031599999999999966e+02 2.759999999999999787e+00
1.842000000000000171e+01 2.950000000000000178e+00 8.900000000000000133e-01 1.209999999999999964e+00 1.820000000000000062e+00 4.190000000000000391e+00 1.270000000000000018e+00 1.039500000000000028e+02 2.759999999999999787e+00
1.923000000000000043e+01 2.939999999999999947e+00 8.900000000000000133e-01 1.209999999999999964e+00 1.810000000000000053e+00 4.179999999999999716e+00 1.270000000000000018e+00 1.010300000000000011e+02 2.750000000000000000e+00
1.992000000000000171e+01 2.930000000000000160e+00 8.900000000000000133e-01 1.199999999999999956e+00 1.800000000000000044e+00 4.179999999999999716e+00 1.270000000000000018e+00 9.978000000000000114e+01 2.750000000000000000e+00
2.008999999999999986e+01 2.910000000000000142e+00 8.900000000000000133e-01 1.189999999999999947e+00 1.790000000000000036e+00 4.209999999999999964e+00 1.270000000000000018e+00 9.770000000000000284e+01 2.740000000000000213e+00
2.000000000000000000e+01 2.890000000000000124e+00 8.900000000000000133e-01 1.179999999999999938e+00 1.780000000000000027e+00 4.219999999999999751e+00 1.270000000000000018e+00 9.573999999999999488e+01 2.740000000000000213e+00
1.994999999999999929e+01 2.879999999999999893e+00 8.900000000000000133e-01 1.179999999999999938e+00 1.790000000000000036e+00 4.240000000000000213e+00 1.260000000000000009e+00 9.298000000000000398e+01 2.729999999999999982e+00
1.976000000000000156e+01 2.859999999999999876e+00 8.900000000000000133e-01 1.179999999999999938e+00 1.800000000000000044e+00 4.259999999999999787e+00 1.260000000000000009e+00 9.145000000000000284e+01 2.729999999999999982e+00
1.971999999999999886e+01 2.850000000000000089e+00 8.800000000000000044e-01 1.169999999999999929e+00 1.810000000000000053e+00 4.259999999999999787e+00 1.260000000000000009e+00 9.320999999999999375e+01 2.729999999999999982e+00
1.973000000000000043e+01 2.830000000000000071e+00 8.800000000000000044e-01 1.169999999999999929e+00 1.820000000000000062e+00 4.259999999999999787e+00 1.260000000000000009e+00 9.625000000000000000e+01 2.729999999999999982e+00
2.007000000000000028e+01 2.819999999999999840e+00 8.800000000000000044e-01 1.169999999999999929e+00 1.820000000000000062e+00 4.259999999999999787e+00 1.270000000000000018e+00 1.029399999999999977e+02 2.729999999999999982e+00
2.039000000000000057e+01 2.810000000000000053e+00 8.800000000000000044e-01 1.169999999999999929e+00 1.840000000000000080e+00 4.250000000000000000e+00 1.280000000000000027e+00 1.129200000000000017e+02 2.729999999999999982e+00
2.055999999999999872e+01 2.799999999999999822e+00 8.800000000000000044e-01 1.169999999999999929e+00 1.850000000000000089e+00 4.259999999999999787e+00 1.290000000000000036e+00 1.180100000000000051e+02 2.720000000000000195e+00
2.026000000000000156e+01 2.790000000000000036e+00 8.699999999999999956e-01 1.169999999999999929e+00 1.860000000000000098e+00 4.259999999999999787e+00 1.300000000000000044e+00 1.147399999999999949e+02 2.720000000000000195e+00
1.973999999999999844e+01 2.790000000000000036e+00 8.699999999999999956e-01 1.169999999999999929e+00 1.879999999999999893e+00 4.250000000000000000e+00 1.300000000000000044e+00 1.087999999999999972e+02 2.700000000000000178e+00
1.953999999999999915e+01 2.790000000000000036e+00 8.699999999999999956e-01 1.169999999999999929e+00 1.879999999999999893e+00 4.230000000000000426e+00 1.300000000000000044e+00 1.031800000000000068e+02 2.700000000000000178e+00
1.989000000000000057e+01 2.790000000000000036e+00 8.699999999999999956e-01 1.169999999999999929e+00 1.879999999999999893e+00 4.250000000000000000e+00 1.290000000000000036e+00 9.634999999999999432e+01 2.689999999999999947e+00
2.069000000000000128e+01 2.799999999999999822e+00 8.699999999999999956e-01 1.169999999999999929e+00 1.860000000000000098e+00 4.259999999999999787e+00 1.290000000000000036e+00 9.510999999999999943e+01 2.689999999999999947e+00
2.151999999999999957e+01 2.810000000000000053e+00 8.699999999999999956e-01 1.169999999999999929e+00 1.850000000000000089e+00 4.280000000000000249e+00 1.280000000000000027e+00 9.668999999999999773e+01 2.689999999999999947e+00
2.182999999999999829e+01 2.810000000000000053e+00 8.699999999999999956e-01 1.169999999999999929e+00 1.830000000000000071e+00 4.299999999999999822e+00 1.280000000000000027e+00 1.003400000000000034e+02 2.700000000000000178e+00
2.146000000000000085e+01 2.810000000000000053e+00 8.699999999999999956e-01 1.169999999999999929e+00 1.810000000000000053e+00 4.309999999999999609e+00 1.280000000000000027e+00 1.035499999999999972e+02 2.709999999999999964e+00
2.055000000000000071e+01 2.810000000000000053e+00 8.699999999999999956e-01 1.159999999999999920e+00 1.800000000000000044e+00 4.309999999999999609e+00 1.290000000000000036e+00 1.063700000000000045e+02 2.720000000000000195e+00
1.916000000000000014e+01 2.799999999999999822e+00 8.599999999999999867e-01 1.159999999999999920e+00 1.780000000000000027e+00 4.299999999999999822e+00 1.290000000000000036e+00 1.035499999999999972e+02 2.729999999999999982e+00
1.828000000000000114e+01 2.810000000000000053e+00 8.599999999999999867e-01 1.149999999999999911e+00 1.780000000000000027e+00 4.259999999999999787e+00 1.310000000000000053e+00 9.968000000000000682e+01 2.729999999999999982e+00
1.782000000000000028e+01 2.810000000000000053e+00 8.499999999999999778e-01 1.139999999999999902e+00 1.780000000000000027e+00 4.209999999999999964e+00 1.330000000000000071e+00 9.864000000000000057e+01 2.740000000000000213e+00
1.794000000000000128e+01 2.819999999999999840e+00 8.499999999999999778e-01 1.139999999999999902e+00 1.770000000000000018e+00 4.179999999999999716e+00 1.360000000000000098e+00 9.870000000000000284e+01 2.740000000000000213e+00
1.842999999999999972e+01 2.830000000000000071e+00 8.399999999999999689e-01 1.129999999999999893e+00 1.760000000000000009e+00 4.150000000000000355e+00 1.389999999999999902e+00 1.001400000000000006e+02 2.729999999999999982e+00
