1.000000000000000000e+01
9.700001716613769531e+00
9.412570953369140625e+00
9.149618148803710938e+00
8.942330360412597656e+00
8.841463088989257812e+00
8.831538200378417969e+00
8.892292022705078125e+00
8.984663963317871094e+00
9.091645240783691406e+00
9.200610160827636719e+00
9.286493301391601562e+00
9.344624519348144531e+00
9.366102218627929688e+00
9.346933364868164062e+00
9.288769721984863281e+00
9.198983192443847656e+00
9.087447166442871094e+00
8.956525802612304688e+00
8.819489479064941406e+00
8.688694953918457031e+00
8.577254295349121094e+00
8.489273071289062500e+00
8.431087493896484375e+00
8.387988090515136719e+00
8.352460861206054688e+00
8.315369606018066406e+00
8.269816398620605469e+00
8.210956573486328125e+00
8.154602050781250000e+00
8.113409042358398438e+00
8.077432632446289062e+00
8.054245948791503906e+00
8.024173736572265625e+00
7.987944602966308594e+00
7.947128772735595703e+00
7.905149459838867188e+00
7.872525691986083984e+00
7.846069335937500000e+00
7.855981349945068359e+00
7.889959335327148438e+00
7.940161228179931641e+00
8.008485794067382812e+00
8.086073875427246094e+00
8.156229019165039062e+00
8.216207504272460938e+00
8.263545036315917969e+00
8.288772583007812500e+00
8.289260864257812500e+00
8.274296760559082031e+00
8.244988441467285156e+00
8.214470863342285156e+00
8.188799858093261719e+00
8.179860115051269531e+00
8.187073707580566406e+00
8.199069023132324219e+00
8.209098815917968750e+00
8.208780288696289062e+00
8.195364952087402344e+00
8.158479690551757812e+00
8.112181663513183594e+00
8.055671691894531250e+00
7.986450195312500000e+00
7.915884017944335938e+00
7.863413810729980469e+00
7.831366539001464844e+00
7.817924976348876953e+00
7.820263862609863281e+00
7.831204414367675781e+00
7.849560737609863281e+00
7.861582756042480469e+00
7.860398292541503906e+00
7.845587730407714844e+00
7.810276508331298828e+00
7.776689529418945312e+00
7.767483711242675781e+00
7.783652782440185547e+00
7.821630477905273438e+00
7.884799480438232422e+00
7.936782360076904297e+00
7.967674732208251953e+00
7.974228382110595703e+00
7.964013576507568359e+00
7.941918373107910156e+00
7.916708946228027344e+00
7.889933109283447266e+00
7.866591453552246094e+00
7.846155166625976562e+00
7.833878517150878906e+00
7.827911853790283203e+00
7.835896492004394531e+00
7.858410835266113281e+00
7.886250495910644531e+00
7.911641120910644531e+00
7.930757522583007812e+00
7.934775829315185547e+00
7.932800292968750000e+00
7.910616874694824219e+00
7.878247261047363281e+00
7.861311912536621094e+00
7.844465255737304688e+00
7.832834243774414062e+00
7.824910163879394531e+00
7.818512439727783203e+00
7.815423011779785156e+00
7.814446449279785156e+00
7.822072982788085938e+00
7.842782020568847656e+00
7.863773822784423828e+00
7.877825736999511719e+00
7.874552249908447266e+00
7.864930152893066406e+00
7.849077224731445312e+00
7.823760032653808594e+00
7.815761089324951172e+00
7.822572708129882812e+00
7.838982582092285156e+00
7.865858078002929688e+00
7.891180992126464844e+00
7.925039768218994141e+00
7.951810359954833984e+00
7.962694644927978516e+00
7.955882072448730469e+00
7.943130493164062500e+00
7.925804138183593750e+00
7.907693862915039062e+00
7.900156021118164062e+00
7.897045612335205078e+00
7.892593383789062500e+00
7.870723247528076172e+00
7.844914436340332031e+00
7.826660156250000000e+00
7.821890830993652344e+00
7.831559181213378906e+00
7.865322589874267578e+00
7.897548675537109375e+00
7.919049739837646484e+00
7.925975322723388672e+00
7.916704654693603516e+00
7.901512145996093750e+00
7.878487110137939453e+00
7.858594417572021484e+00
7.843441486358642578e+00
7.845075607299804688e+00
7.865895271301269531e+00
7.879326343536376953e+00
7.895879745483398438e+00
7.916219711303710938e+00
7.919560909271240234e+00
7.908979415893554688e+00
7.881821632385253906e+00
7.850816726684570312e+00
7.830992221832275391e+00
7.833882808685302734e+00
7.843464374542236328e+00
7.860244750976562500e+00
7.874463558197021484e+00
7.886812210083007812e+00
7.891208648681640625e+00
7.892411708831787109e+00
7.881281375885009766e+00
7.850989341735839844e+00
7.827425003051757812e+00
7.824460029602050781e+00
7.860670089721679688e+00
7.909637928009033203e+00
7.955777645111083984e+00
7.968056201934814453e+00
7.964549064636230469e+00
7.941915988922119141e+00
7.906562328338623047e+00
7.881826877593994141e+00
7.884180068969726562e+00
7.917718887329101562e+00
7.953361034393310547e+00
7.989456653594970703e+00
8.003250122070312500e+00
7.982667446136474609e+00
7.948837280273437500e+00
7.915006637573242188e+00
7.881384372711181641e+00
7.863937377929687500e+00
7.860695838928222656e+00
7.880951404571533203e+00
7.895576000213623047e+00
7.893407821655273438e+00
7.860662937164306641e+00
7.812201976776123047e+00
7.782244682312011719e+00
7.793889522552490234e+00
7.838235378265380859e+00
7.889257431030273438e+00
7.930155277252197266e+00
7.943878650665283203e+00
7.930545330047607422e+00
7.885502815246582031e+00
7.859204769134521484e+00
7.854380130767822266e+00
7.886074542999267578e+00
7.935993671417236328e+00
