-1.108163528442382812e+02
-1.105163574218750000e+02
-1.102170028686523438e+02
-1.099167327880859375e+02
-1.096152572631835938e+02
-1.093124237060546875e+02
-1.090082855224609375e+02
-1.087028808593750000e+02
-1.083973770141601562e+02
-1.080920410156250000e+02
-1.077872390747070312e+02
-1.074841995239257812e+02
-1.071826934814453125e+02
-1.068831253051757812e+02
-1.065857925415039062e+02
-1.062910308837890625e+02
-1.059982528686523438e+02
-1.057067489624023438e+02
-1.054167556762695312e+02
-1.051271286010742188e+02
-1.048370437622070312e+02
-1.045456161499023438e+02
-1.042529678344726562e+02
-1.039587326049804688e+02
-1.036643524169921875e+02
-1.033703002929687500e+02
-1.030769729614257812e+02
-1.027850341796875000e+02
-1.024956817626953125e+02
-1.022076644897460938e+02
-1.019192352294921875e+02
-1.016320190429687500e+02
-1.013443222045898438e+02
-1.010598983764648438e+02
-1.007778778076171875e+02
-1.004985427856445312e+02
-1.002199325561523438e+02
-9.994149780273437500e+01
-9.966413116455078125e+01
-9.938601684570312500e+01
-9.910950469970703125e+01
-9.883449554443359375e+01
-9.855905914306640625e+01
-9.828433990478515625e+01
-9.801269531250000000e+01
-9.774304962158203125e+01
-9.747485351562500000e+01
-9.720939636230468750e+01
-9.694793701171875000e+01
-9.668864440917968750e+01
-9.643143463134765625e+01
-9.617652130126953125e+01
-9.592533111572265625e+01
-9.567580413818359375e+01
-9.542820739746093750e+01
-9.518411254882812500e+01
-9.494333648681640625e+01
-9.470458221435546875e+01
-9.446915435791015625e+01
-9.423820495605468750e+01
-9.400911712646484375e+01
-9.378425598144531250e+01
-9.356369781494140625e+01
-9.334699249267578125e+01
-9.313155364990234375e+01
-9.291606140136718750e+01
-9.270326232910156250e+01
-9.249558258056640625e+01
-9.229320526123046875e+01
-9.209506225585937500e+01
-9.189978790283203125e+01
-9.171054840087890625e+01
-9.152288055419921875e+01
-9.134048461914062500e+01
-9.115818786621093750e+01
-9.097994995117187500e+01
-9.080276489257812500e+01
-9.063127899169921875e+01
-9.046218872070312500e+01
-9.029598236083984375e+01
-9.013364410400390625e+01
-8.997678375244140625e+01
-8.982361602783203125e+01
-8.967687225341796875e+01
-8.953303527832031250e+01
-8.939157867431640625e+01
-8.924965667724609375e+01
-8.911052703857421875e+01
-8.897043609619140625e+01
-8.883369445800781250e+01
-8.870228576660156250e+01
-8.857442474365234375e+01
-8.844750213623046875e+01
-8.832381439208984375e+01
-8.820716857910156250e+01
-8.809206390380859375e+01
-8.798260498046875000e+01
-8.787654876708984375e+01
-8.777358245849609375e+01
-8.767433929443359375e+01
-8.758058166503906250e+01
-8.748779296875000000e+01
-8.739581298828125000e+01
-8.730559539794921875e+01
-8.721392059326171875e+01
-8.712230682373046875e+01
-8.703378295898437500e+01
-8.694418334960937500e+01
-8.685824584960937500e+01
-8.677304840087890625e+01
-8.669262695312500000e+01
-8.661332702636718750e+01
-8.653446960449218750e+01
-8.645793151855468750e+01
-8.638366699218750000e+01
-8.631375122070312500e+01
-8.624568176269531250e+01
-8.617999267578125000e+01
-8.611672210693359375e+01
-8.605950164794921875e+01
-8.600445556640625000e+01
-8.595295715332031250e+01
-8.590267944335937500e+01
-8.584994506835937500e+01
-8.579769134521484375e+01
-8.574592590332031250e+01
-8.569408416748046875e+01
-8.564604949951171875e+01
-8.560466766357421875e+01
-8.556732177734375000e+01
-8.553340148925781250e+01
-8.550782775878906250e+01
-8.547850799560546875e+01
-8.544962310791015625e+01
-8.542564392089843750e+01
-8.540126037597656250e+01
-8.537810516357421875e+01
-8.535489654541015625e+01
-8.533070373535156250e+01
-8.530886077880859375e+01
-8.528879547119140625e+01
-8.526948547363281250e+01
-8.525186920166015625e+01
-8.523320770263671875e+01
-8.521703338623046875e+01
-8.519911956787109375e+01
-8.517742919921875000e+01
-8.516178131103515625e+01
-8.515129089355468750e+01
-8.514440155029296875e+01
-8.513604736328125000e+01
-8.512688446044921875e+01
-8.510633850097656250e+01
-8.508597564697265625e+01
-8.506816864013671875e+01
-8.504905700683593750e+01
-8.503216552734375000e+01
-8.501712799072265625e+01
-8.499926757812500000e+01
-8.498489379882812500e+01
-8.497166442871093750e+01
-8.495805358886718750e+01
-8.494247436523437500e+01
-8.492794799804687500e+01
-8.491835021972656250e+01
-8.490881347656250000e+01
-8.489961242675781250e+01
-8.489192199707031250e+01
-8.488980865478515625e+01
-8.488798522949218750e+01
-8.488772583007812500e+01
-8.488562011718750000e+01
-8.488344573974609375e+01
-8.488512420654296875e+01
-8.488584136962890625e+01
-8.488712310791015625e+01
-8.488668060302734375e+01
-8.488595581054687500e+01
-8.488874816894531250e+01
-8.489011383056640625e+01
-8.488761138916015625e+01
-8.488552856445312500e+01
-8.488594818115234375e+01
-8.488402557373046875e+01
-8.488262176513671875e+01
-8.488021087646484375e+01
-8.488098144531250000e+01
-8.488044738769531250e+01
-8.488502502441406250e+01
-8.488526153564453125e+01
-8.489108276367187500e+01
-8.489828491210937500e+01
-8.491166687011718750e+01
-8.492615509033203125e+01
-8.494087219238281250e+01
-8.495032501220703125e+01
-8.495554351806640625e+01
-8.496216583251953125e+01
-8.496517944335937500e+01
-8.496678161621093750e+01
